01 0.66 1.40 -20909.240236399 -10453.405307090
01 0.66 1.45 -20909.068239872 -10453.348035613
01 0.66 1.50 -20908.910016962 -10453.296744668
01 0.66 1.55 -20908.764195428 -10453.250739363
01 0.66 1.60 -20908.629567182 -10453.209411858
01 0.66 1.65 -20908.505066042 -10453.172230054
01 0.66 1.70 -20908.389748607 -10453.138727764
01 0.66 1.75 -20908.282777833 -10453.108496161
01 0.66 1.80 -20908.183408942 -10453.081176335
01 0.68 1.40 -20909.034579199 -10453.336438836
01 0.68 1.45 -20908.879078912 -10453.286369856
01 0.68 1.50 -20908.735702248 -10453.241443263
01 0.68 1.55 -20908.603275554 -10453.201069415
01 0.68 1.60 -20908.480762194 -10453.164731990
01 0.68 1.65 -20908.367244144 -10453.131978482
01 0.68 1.70 -20908.261906190 -10453.102411926
01 0.68 1.75 -20908.164022383 -10453.075683710
01 0.68 1.80 -20908.072944429 -10453.051487313
01 0.70 1.40 -20908.848727635 -10453.276264055
01 0.70 1.45 -20908.707735245 -10453.232384644
01 0.70 1.50 -20908.577457122 -10453.192936926
01 0.70 1.55 -20908.456885087 -10453.157419821
01 0.70 1.60 -20908.345125567 -10453.125394040
01 0.70 1.65 -20908.241384392 -10453.096474085
01 0.70 1.70 -20908.144953769 -10453.070321296
01 0.70 1.75 -20908.055201106 -10453.046637790
01 0.70 1.80 -20907.971559460 -10453.025161212
01 0.72 1.40 -20908.680280517 -10453.223556201
01 0.72 1.45 -20908.552099738 -10453.185008007
01 0.72 1.50 -20908.433424078 -10453.150287962
01 0.72 1.55 -20908.323383526 -10453.118969549
01 0.72 1.60 -20908.221204200 -10453.090678352
01 0.72 1.65 -20908.126195818 -10453.065085327
01 0.72 1.70 -20908.037740945 -10453.041900950
01 0.72 1.75 -20907.955285800 -10453.020870124
01 0.72 1.80 -20907.878332371 -10453.001767763
01 0.74 1.40 -20908.527191670 -10453.177276495
01 0.74 1.45 -20908.410368883 -10453.143331021
01 0.74 1.50 -20908.302008979 -10453.112700284
01 0.74 1.55 -20908.201357639 -10453.085020582
01 0.74 1.60 -20908.107741475 -10453.059972167
01 0.74 1.65 -20908.020557686 -10453.037273592
01 0.74 1.70 -20907.939265206 -10453.016676785
01 0.74 1.75 -20907.863377118 -10452.997962772
01 0.74 1.80 -20907.792454146 -10452.980937972
01 0.76 1.40 -20908.387709562 -10453.136543789
01 0.76 1.45 -20908.280993180 -10453.106581683
01 0.76 1.50 -20908.181836990 -10453.079496770
01 0.76 1.55 -20908.089583903 -10453.054978295
01 0.76 1.60 -20908.003645253 -10453.032752620
01 0.76 1.65 -20907.923492264 -10453.012578467
01 0.76 1.70 -20907.848648750 -10452.994242777
01 0.76 1.75 -20907.778684842 -10452.977557122
01 0.76 1.80 -20907.713211608 -10452.962354592
01 0.78 1.40 -20908.260327666 -10453.100609335
01 0.78 1.45 -20908.162634775 -10453.074103049
01 0.78 1.50 -20908.071716477 -10453.050100312
01 0.78 1.55 -20907.986997755 -10453.028335042
01 0.78 1.60 -20907.907961717 -10453.008572533
01 0.78 1.65 -20907.834142562 -10452.990605449
01 0.78 1.70 -20907.765119535 -10452.974250351
01 0.78 1.75 -20907.700511733 -10452.959344686
01 0.78 1.80 -20907.639973636 -10452.945744171
01 0.80 1.40 -20908.143743754 -10453.068835676
01 0.80 1.45 -20908.054132773 -10453.045334928
01 0.80 1.50 -20907.970609473 -10453.024017963
01 0.80 1.55 -20907.892668459 -10453.004656431
01 0.80 1.60 -20907.819853980 -10452.987048535
01 0.80 1.65 -20907.751754114 -10452.971015667
01 0.80 1.70 -20907.687995750 -10452.956399493
01 0.80 1.75 -20907.628240267 -10452.943059420
01 0.80 1.80 -20907.572179799 -10452.930870405
02 0.66 1.40 -24957.742803859 -6238.517990908
02 0.66 1.45 -24957.605755912 -6238.500325886
02 0.66 1.50 -24957.478761954 -6238.484651331
02 0.66 1.55 -24957.360813609 -6238.470719452
02 0.66 1.60 -24957.251040351 -6238.458315976
02 0.66 1.65 -24957.148688287 -6238.447255306
02 0.66 1.70 -24957.053101842 -6238.437376414
02 0.66 1.75 -24956.963708080 -6238.428539334
02 0.66 1.80 -24956.880003381 -6238.420622192
02 0.68 1.40 -24957.584158462 -6238.497527353
02 0.68 1.45 -24957.458687380 -6238.482171633
02 0.68 1.50 -24957.342109199 -6238.468518098
02 0.68 1.55 -24957.233575608 -6238.456358115
02 0.68 1.60 -24957.132351165 -6238.445510878
02 0.68 1.65 -24957.037795581 -6238.435819435
02 0.68 1.70 -24956.949348551 -6238.427147297
02 0.68 1.75 -24956.866516886 -6238.419375562
02 0.68 1.80 -24956.788863683 -6238.412400460
02 0.70 1.40 -24957.438894694 -6238.479752359
02 0.70 1.45 -24957.323658781 -6238.466369466
02 0.70 1.50 -24957.216341132 -6238.454446353
02 0.70 1.55 -24957.116224034 -6238.443806842
02 0.70 1.60 -24957.022681876 -6238.434297919
02 0.70 1.65 -24956.935166480 -6238.425786457
02 0.70 1.70 -24956.853194665 -6238.418156428
02 0.70 1.75 -24956.776337794 -6238.411306525
02 0.70 1.80 -24956.704213061 -6238.405148148
02 0.72 1.40 -24957.305456896 -6238.464271962
02 0.72 1.45 -24957.199332299 -6238.452579319
02 0.72 1.50 -24957.100302959 -6238.442142016
02 0.72 1.55 -24957.007757358 -6238.432810845
02 0.72 1.60 -24956.921158959 -6238.424455930
02 0.72 1.65 -24956.840034186 -6238.416964023
02 0.72 1.70 -24956.763962333 -6238.410236202
02 0.72 1.75 -24956.692567165 -6238.404185914
02 0.72 1.80 -24956.625509990 -6238.398737305
02 0.74 1.40 -24957.182544662 -6238.450755693
02 0.74 1.45 -24957.084584150 -6238.440515260
02 0.74 1.50 -24956.993018777 -6238.431357228
02 0.74 1.55 -24956.907323177 -6238.423154862
02 0.74 1.60 -24956.827032993 -6238.415797605
02 0.74 1.65 -24956.751735134 -6238.409188845
02 0.74 1.70 -24956.681059675 -6238.403244014
02 0.74 1.75 -24956.614673181 -6238.397888967
02 0.74 1.80 -24956.552273250 -6238.393058593
02 0.76 1.40 -24957.069063956 -6238.438925475
02 0.76 1.45 -24956.978462993 -6238.429936115
02 0.76 1.50 -24956.893656412 -6238.421882426
02 0.76 1.55 -24956.814188704 -6238.414656457
02 0.76 1.60 -24956.739654086 -6238.408163831
02 0.76 1.65 -24956.669688700 -6238.402321904
02 0.76 1.70 -24956.603964171 -6238.397058187
02 0.76 1.75 -24956.542182355 -6238.392309002
02 0.76 1.80 -24956.484071072 -6238.388018325
02 0.78 1.40 -24956.964086975 -6238.428546586
02 0.78 1.45 -24956.880156030 -6238.420637826
02 0.78 1.50 -24956.801499003 -6238.413539886
02 0.78 1.55 -24956.727717135 -6238.407160556
02 0.78 1.60 -24956.658452396 -6238.401419055
02 0.78 1.65 -24956.593381284 -6238.396244504
02 0.78 1.70 -24956.532209764 -6238.391574612
02 0.78 1.75 -24956.474669165 -6238.387354559
02 0.78 1.80 -24956.420512855 -6238.383536026
02 0.80 1.40 -24956.866819473 -6238.419420290
02 0.80 1.45 -24956.788961640 -6238.412447221
02 0.80 1.50 -24956.715922276 -6238.406178435
02 0.80 1.55 -24956.647348957 -6238.400534959
02 0.80 1.60 -24956.582922875 -6238.395447471
02 0.80 1.65 -24956.522353967 -6238.390855032
02 0.80 1.70 -24956.465376956 -6238.386703986
02 0.80 1.75 -24956.411748156 -6238.382947030
02 0.80 1.80 -24956.361242894 -6238.379542397
03 0.66 1.40 -21279.595659284 -10638.856244607
03 0.66 1.45 -21279.299918313 -10638.737256224
03 0.66 1.50 -21279.029675277 -10638.630304511
03 0.66 1.55 -21278.782245475 -10638.534027987
03 0.66 1.60 -21278.555267304 -10638.447232908
03 0.66 1.65 -21278.346660239 -10638.368871879
03 0.66 1.70 -21278.154588322 -10638.298024983
03 0.66 1.75 -21277.977428545 -10638.233883247
03 0.66 1.80 -21277.813743558 -10638.175734245
03 0.68 1.40 -21279.236921289 -10638.712487301
03 0.68 1.45 -21278.972125436 -10638.608043222
03 0.68 1.50 -21278.729565926 -10638.513992276
03 0.68 1.55 -21278.506950754 -10638.429175243
03 0.68 1.60 -21278.302259972 -10638.352574821
03 0.68 1.65 -21278.113710353 -10638.283297305
03 0.68 1.70 -21277.939724843 -10638.220556551
03 0.68 1.75 -21277.778906182 -10638.163660018
03 0.68 1.80 -21277.630014155 -10638.111996656
03 0.70 1.40 -21278.915788989 -10638.586336700
03 0.70 1.45 -21278.677970515 -10638.494449219
03 0.70 1.50 -21278.459604700 -10638.411555650
03 0.70 1.55 -21278.258730159 -10638.336667825
03 0.70 1.60 -21278.073614659 -10638.268917412
03 0.70 1.65 -21277.902725585 -10638.207540363
03 0.70 1.70 -21277.744704451 -10638.151863389
03 0.70 1.75 -21277.598344919 -10638.101292228
03 0.70 1.80 -21277.462573804 -10638.055301505
03 0.72 1.40 -21278.627429323 -10638.475384529
03 0.72 1.45 -21278.413202838 -10638.394361559
03 0.72 1.50 -21278.216047658 -10638.321139821
03 0.72 1.55 -21278.034280855 -10638.254875545
03 0.72 1.60 -21277.866412792 -10638.194826071
03 0.72 1.65 -21277.711122490 -10638.140336748
03 0.72 1.70 -21277.567236385 -10638.090829569
03 0.72 1.75 -21277.433709964 -10638.045793357
03 0.72 1.80 -21277.309611867 -10638.004775288
03 0.74 1.40 -21278.367719730 -10638.377580803
03 0.74 1.45 -21278.174190077 -10638.305980093
03 0.74 1.50 -21277.995689211 -10638.241162254
03 0.74 1.55 -21277.830769059 -10638.182405334
03 0.74 1.60 -21277.678144924 -10638.129072722
03 0.74 1.65 -21277.536674951 -10638.080602154
03 0.74 1.70 -21277.405342374 -10638.036496207
03 0.74 1.75 -21277.283240138 -10637.996314086
03 0.74 1.80 -21277.169557536 -10637.959664538
03 0.76 1.40 -21278.133135751 -10638.291178267
03 0.76 1.45 -21277.957820632 -10638.227768391
03 0.76 1.50 -21277.795777535 -10638.170270071
03 0.76 1.55 -21277.645756862 -10638.118064168
03 0.76 1.60 -21277.506647439 -10638.070603661
03 0.76 1.65 -21277.377459352 -10638.027404450
03 0.76 1.70 -21277.257309071 -10637.988037399
03 0.76 1.75 -21277.145406523 -10637.952121475
03 0.76 1.80 -21277.041043829 -10637.919317802
03 0.78 1.40 -21277.920656635 -10638.214685095
03 0.78 1.45 -21277.761421904 -10638.158412458
03 0.78 1.50 -21277.613943880 -10638.107304165
03 0.78 1.55 -21277.477141077 -10638.060827962
03 0.78 1.60 -21277.350049569 -10638.018512653
03 0.78 1.65 -21277.231808602 -10637.979940403
03 0.78 1.70 -21277.121648074 -10637.944740086
03 0.78 1.75 -21277.018877647 -10637.912581531
03 0.78 1.80 -21276.922877242 -10637.883170532
03 0.80 1.40 -21277.727686365 -10638.146824912
03 0.80 1.45 -21277.582692004 -10638.096786007
03 0.80 1.50 -21277.448143486 -10638.051269116
03 0.80 1.55 -21277.323102042 -10638.009815548
03 0.80 1.60 -21277.206728961 -10637.972018420
03 0.80 1.65 -21277.098273487 -10637.937516214
03 0.80 1.70 -21276.997062265 -10637.905987198
03 0.80 1.75 -21276.902490152 -10637.877144595
03 0.80 1.80 -21276.814012185 -10637.850732387
04 0.66 1.40 -6162.303144584 -1540.125435058
04 0.66 1.45 -6162.259383119 -1540.122726230
04 0.66 1.50 -6162.218482647 -1540.120355453
04 0.66 1.55 -6162.180180103 -1540.118275273
04 0.66 1.60 -6162.144252917 -1540.116445587
04 0.66 1.65 -6162.110510941 -1540.114832404
04 0.66 1.70 -6162.078789856 -1540.113406833
04 0.66 1.75 -6162.048945917 -1540.112144247
04 0.66 1.80 -6162.020851807 -1540.111023599
04 0.68 1.40 -6162.253011227 -1540.122354570
04 0.68 1.45 -6162.212534692 -1540.120029681
04 0.68 1.50 -6162.174617440 -1540.117989012
04 0.68 1.55 -6162.139042541 -1540.116193440
04 0.68 1.60 -6162.105624403 -1540.114609788
04 0.68 1.65 -6162.074202387 -1540.113209846
04 0.68 1.70 -6162.044635719 -1540.111969557
04 0.68 1.75 -6162.016799500 -1540.110868354
04 0.68 1.80 -6161.990581622 -1540.109888606
04 0.70 1.40 -6162.206650072 -1540.119710150
04 0.70 1.45 -6162.169112400 -1540.117708135
04 0.70 1.50 -6162.133884871 -1540.115945948
04 0.70 1.55 -6162.100786304 -1540.114391208
04 0.70 1.60 -6162.069659618 -1540.113016366
04 0.70 1.65 -6162.040366915 -1540.111797923
04 0.70 1.70 -6162.012785640 -1540.110715779
04 0.70 1.75 -6161.986805603 -1540.109752695
04 0.70 1.80 -6161.962326703 -1540.108893851
04 0.72 1.40 -6162.163664131 -1540.117432525
04 0.72 1.45 -6162.128779171 -1540.115703014
04 0.72 1.50 -6162.095996000 -1540.114176580
04 0.72 1.55 -6162.065160982 -1540.112826323
04 0.72 1.60 -6162.036139005 -1540.111629284
04 0.72 1.65 -6162.008809778 -1540.110565819
04 0.72 1.70 -6161.983064974 -1540.109619075
04 0.72 1.75 -6161.958806039 -1540.108774556
04 0.72 1.80 -6161.935942528 -1540.108019766
04 0.74 1.40 -6162.123724719 -1540.115464540
04 0.74 1.45 -6162.091252862 -1540.113965823
04 0.74 1.50 -6162.060705925 -1540.112639646
04 0.74 1.55 -6162.031951493 -1540.111463580
04 0.74 1.60 -6162.004871472 -1540.110418424
04 0.74 1.65 -6161.979359337 -1540.109487701
04 0.74 1.70 -6161.955318038 -1540.108657232
04 0.74 1.75 -6161.932658391 -1540.107914791
04 0.74 1.80 -6161.911297860 -1540.107249805
04 0.76 1.40 -6162.086556273 -1540.113758855
04 0.76 1.45 -6162.056293903 -1540.112456267
04 0.76 1.50 -6162.027803897 -1540.111300752
04 0.76 1.55 -6162.000970287 -1540.110273544
04 0.76 1.60 -6161.975688300 -1540.109358531
04 0.76 1.65 -6161.951862343 -1540.108541844
04 0.76 1.70 -6161.929404460 -1540.107811518
04 0.76 1.75 -6161.908233165 -1540.107157206
04 0.76 1.80 -6161.888272531 -1540.106569938
04 0.78 1.40 -6162.051924383 -1540.112276119
04 0.78 1.45 -6162.023695741 -1540.111140743
04 0.78 1.50 -6161.997105797 -1540.110131129
04 0.78 1.55 -6161.972051477 -1540.109231521
04 0.78 1.60 -6161.948438603 -1540.108428353
04 0.78 1.65 -6161.926180415 -1540.107709916
04 0.78 1.70 -6161.905196449 -1540.107066081
04 0.78 1.75 -6161.885411663 -1540.106488065
04 0.78 1.80 -6161.866755765 -1540.105968234
04 0.80 1.40 -6162.019626558 -1540.110983498
04 0.80 1.45 -6161.993277583 -1540.109991132
04 0.80 1.50 -6161.968448489 -1540.109106631
04 0.80 1.55 -6161.945046472 -1540.108316724
04 0.80 1.60 -6161.922985939 -1540.107609953
04 0.80 1.65 -6161.902187419 -1540.106976403
04 0.80 1.70 -6161.882576737 -1540.106407471
04 0.80 1.75 -6161.864084362 -1540.105895680
04 0.80 1.80 -6161.846644893 -1540.105434516
05 0.66 1.40 -29379.131017882 -14687.935765947
05 0.66 1.45 -29378.821301403 -14687.828254933
05 0.66 1.50 -29378.536179930 -14687.731812035
05 0.66 1.55 -29378.273094770 -14687.645122044
05 0.66 1.60 -29378.029816673 -14687.567044630
05 0.66 1.65 -29377.804398275 -14687.496589592
05 0.66 1.70 -29377.595133403 -14687.432895548
05 0.66 1.75 -29377.400522391 -14687.375211659
05 0.66 1.80 -29377.219242603 -14687.322882010
05 0.68 1.40 -29378.744880602 -14687.799262030
05 0.68 1.45 -29378.465765207 -14687.705777304
05 0.68 1.50 -29378.208061633 -14687.621697216
05 0.68 1.55 -29377.969621699 -14687.545927424
05 0.68 1.60 -29377.748567305 -14687.477517211
05 0.68 1.65 -29377.543251447 -14687.415639095
05 0.68 1.70 -29377.352225024 -14687.359571348
05 0.68 1.75 -29377.174208659 -14687.308683076
05 0.68 1.80 -29377.008068842 -14687.262421503
05 0.70 1.40 -29378.396842615 -14687.680552409
05 0.70 1.45 -29378.144366029 -14687.598987766
05 0.70 1.50 -29377.910629838 -14687.525443510
05 0.70 1.55 -29377.693822247 -14687.459006672
05 0.70 1.60 -29377.492352887 -14687.398882166
05 0.70 1.65 -29377.304821064 -14687.344376094
05 0.70 1.70 -29377.129988836 -14687.294881488
05 0.70 1.75 -29376.966758218 -14687.249866174
05 0.70 1.80 -29376.814151914 -14687.208862439
05 0.72 1.40 -29378.081969230 -14687.576967596
05 0.72 1.45 -29377.852807434 -14687.505570186
05 0.72 1.50 -29377.640133764 -14687.441038184
05 0.72 1.55 -29377.442412063 -14687.382607477
05 0.72 1.60 -29377.258287986 -14687.329610771
05 0.72 1.65 -29377.086563277 -14687.281463980
05 0.72 1.70 -29376.926174009 -14687.237654639
05 0.72 1.75 -29376.776172188 -14687.197732050
05 0.72 1.80 -29376.635710195 -14687.161298897
05 0.74 1.40 -29377.796122111 -14687.486285688
05 0.74 1.45 -29377.587473608 -14687.423592770
05 0.74 1.50 -29377.393404242 -14687.366798444
05 0.74 1.55 -29377.212604051 -14687.315260855
05 0.74 1.60 -29377.043912801 -14687.268417802
05 0.74 1.65 -29376.886299219 -14687.225775684
05 0.74 1.70 -29376.738843429 -14687.186900091
05 0.74 1.75 -29376.600722108 -14687.151407807
05 0.74 1.80 -29376.471195911 -14687.118959999
05 0.76 1.40 -29377.535814573 -14687.406652226
05 0.76 1.45 -29377.345305578 -14687.351439149
05 0.76 1.50 -29377.167748276 -14687.301312395
05 0.76 1.55 -29377.002018871 -14687.255730701
05 0.76 1.60 -29376.847117401 -14687.214218519
05 0.76 1.65 -29376.702150985 -14687.176357042
05 0.76 1.70 -29376.566319647 -14687.141776567
05 0.76 1.75 -29376.438904311 -14687.110149992
05 0.76 1.80 -29376.319256610 -14687.081187272
05 0.78 1.40 -29377.298093071 -14687.336514308
05 0.78 1.45 -29377.123700400 -14687.287751988
05 0.78 1.50 -29376.960863562 -14687.243390895
05 0.78 1.55 -29376.808612635 -14687.202972767
05 0.78 1.60 -29376.666080656 -14687.166093741
05 0.78 1.65 -29376.532490095 -14687.132397067
05 0.78 1.70 -29376.407141386 -14687.101566901
05 0.78 1.75 -29376.289403184 -14687.073323003
05 0.78 1.80 -29376.178704070 -14687.047416205
05 0.80 1.40 -29377.080440849 -14687.274566755
05 0.80 1.45 -29376.920429539 -14687.231387058
05 0.80 1.50 -29376.770769503 -14687.192028441
05 0.80 1.55 -29376.630618676 -14687.156101362
05 0.80 1.60 -29376.499221111 -14687.123261495
05 0.80 1.65 -29376.375896026 -14687.093203794
05 0.80 1.70 -29376.260028490 -14687.065657436
05 0.80 1.75 -29376.151061486 -14687.040381481
05 0.80 1.80 -29376.048489117 -14687.017161160
06 0.66 1.40 -25293.638850137 -6322.630252622
06 0.66 1.45 -25293.381748904 -6322.589482930
06 0.66 1.50 -25293.144882539 -6322.553112532
06 0.66 1.55 -25292.926174137 -6322.520606128
06 0.66 1.60 -25292.723817196 -6322.491500919
06 0.66 1.65 -25292.536235297 -6322.465395930
06 0.66 1.70 -25292.362047834 -6322.441942948
06 0.66 1.75 -25292.200040940 -6322.420838883
06 0.66 1.80 -25292.049142888 -6322.401819292
06 0.68 1.40 -25293.321578175 -6322.579241993
06 0.68 1.45 -25293.089402397 -6322.543974496
06 0.68 1.50 -25292.874902058 -6322.512437647
06 0.68 1.55 -25292.676334002 -6322.484186502
06 0.68 1.60 -25292.492175679 -6322.458835342
06 0.68 1.65 -25292.321092274 -6322.436049012
06 0.68 1.70 -25292.161908867 -6322.415535613
06 0.68 1.75 -25292.013586872 -6322.397040316
06 0.68 1.80 -25291.875204174 -6322.380340146
06 0.70 1.40 -25293.035030720 -6322.535121004
06 0.70 1.45 -25292.824624404 -6322.504519513
06 0.70 1.50 -25292.629746291 -6322.477092762
06 0.70 1.55 -25292.448925420 -6322.452469639
06 0.70 1.60 -25292.280870841 -6322.430327499
06 0.70 1.65 -25292.124444931 -6322.410385163
06 0.70 1.70 -25291.978640853 -6322.392397020
06 0.70 1.75 -25291.842563560 -6322.376148030
06 0.70 1.80 -25291.715413815 -6322.361449498
06 0.72 1.40 -25292.775313850 -6322.496842756
06 0.72 1.45 -25292.584030376 -6322.470211904
06 0.72 1.50 -25292.406463929 -6322.446292038
06 0.72 1.55 -25292.241365563 -6322.424772491
06 0.72 1.60 -25292.087633381 -6322.405382364
06 0.72 1.65 -25291.944290962 -6322.387884880
06 0.72 1.70 -25291.810469204 -6322.372072612
06 0.72 1.75 -25291.685391055 -6322.357763439
06 0.72 1.80 -25291.568358730 -6322.344797124
06 0.74 1.40 -25292.539163464 -6322.463536445
06 0.74 1.45 -25292.364771367 -6322.440296021
06 0.74 1.50 -25292.202559107 -6322.419378305
06 0.74 1.55 -25292.051459004 -6322.400522248
06 0.74 1.60 -25291.910523784 -6322.383499546
06 0.74 1.65 -25291.778909215 -6322.368110075
06 0.74 1.70 -25291.655859533 -6322.354178026
06 0.74 1.75 -25291.540695239 -6322.341548629
06 0.74 1.80 -25291.432802895 -6322.330085357
06 0.76 1.40 -25292.323828614 -6322.434475327
06 0.76 1.45 -25292.164434745 -6322.414139474
06 0.76 1.50 -25292.015907102 -6322.395800035
06 0.76 1.55 -25291.877326338 -6322.379236830
06 0.76 1.60 -25291.747872070 -6322.364256745
06 0.76 1.65 -25291.626808966 -6322.350690030
06 0.76 1.70 -25291.513475099 -6322.338387166
06 0.76 1.75 -25291.407272219 -6322.327216188
06 0.76 1.80 -25291.307657625 -6322.317060405
06 0.78 1.40 -25292.126976331 -6322.409050746
06 0.78 1.45 -25291.980963466 -6322.391211129
06 0.78 1.50 -25291.844686058 -6322.375092705
06 0.78 1.55 -25291.717346599 -6322.360509084
06 0.78 1.60 -25291.598229371 -6322.347296339
06 0.78 1.65 -25291.486689341 -6322.335309995
06 0.78 1.70 -25291.382142882 -6322.324422471
06 0.78 1.75 -25291.284060027 -6322.314520897
06 0.78 1.80 -25291.191958005 -6322.305505234
06 0.80 1.40 -25291.946614354 -6322.386751108
06 0.80 1.45 -25291.812590772 -6322.371063292
06 0.80 1.50 -25291.687321963 -6322.356863688
06 0.80 1.55 -25291.570111048 -6322.343993956
06 0.80 1.60 -25291.460329239 -6322.332314472
06 0.80 1.65 -25291.357406996 -6322.321701873
06 0.80 1.70 -25291.260826645 -6322.312046961
06 0.80 1.75 -25291.170116204 -6322.303252909
06 0.80 1.80 -25291.084844221 -6322.295233716
07 0.66 1.40 -20543.417694413 -5135.472782605
07 0.66 1.45 -20543.357987975 -5135.467720571
07 0.66 1.50 -20543.301400921 -5135.463268258
07 0.66 1.55 -20543.247759551 -5135.459344913
07 0.66 1.60 -20543.196912795 -5135.455881209
07 0.66 1.65 -20543.148726142 -5135.452817568
07 0.66 1.70 -20543.103077028 -5135.450102728
07 0.66 1.75 -20543.059851426 -5135.447692530
07 0.66 1.80 -20543.018941377 -5135.445548877
07 0.68 1.40 -20543.350732713 -5135.467160548
07 0.68 1.45 -20543.294545946 -5135.462776671
07 0.68 1.50 -20543.241276739 -5135.458912383
07 0.68 1.55 -20543.190777148 -5135.455499770
07 0.68 1.60 -20543.142915285 -5135.452480435
07 0.68 1.65 -20543.097570845 -5135.449804112
07 0.68 1.70 -20543.054631764 -5135.447427474
07 0.68 1.75 -20543.013991802 -5135.445313129
07 0.68 1.80 -20542.975548858 -5135.443428757
07 0.70 1.40 -20543.287752034 -5135.462295209
07 0.70 1.45 -20543.234851257 -5135.458488595
07 0.70 1.50 -20543.184695620 -5135.455125898
07 0.70 1.55 -20543.137155776 -5135.452149870
07 0.70 1.60 -20543.092113606 -5135.449511209
07 0.70 1.65 -20543.049458947 -5135.447167400
07 0.70 1.70 -20543.009087220 -5135.445081736
07 0.70 1.75 -20542.970897771 -5135.443222476
07 0.70 1.80 -20542.934792772 -5135.441562133
07 0.72 1.40 -20543.228482784 -5135.458073338
07 0.72 1.45 -20543.178667981 -5135.454759414
07 0.72 1.50 -20543.131447456 -5135.451825720
07 0.72 1.55 -20543.086705203 -5135.449223889
07 0.72 1.60 -20543.044332901 -5135.446912197
07 0.72 1.65 -20543.004227576 -5135.444854602
07 0.72 1.70 -20542.966289971 -5135.443019928
07 0.72 1.75 -20542.930423467 -5135.441381165
07 0.72 1.80 -20542.896533433 -5135.439914879
07 0.74 1.40 -20543.172694017 -5135.454400144
07 0.74 1.45 -20543.125790173 -5135.451507835
07 0.74 1.50 -20543.081345532 -5135.448942024
07 0.74 1.55 -20543.039253553 -5135.446661755
07 0.74 1.60 -20542.999412814 -5135.444631633
07 0.74 1.65 -20542.961725406 -5135.442821030
07 0.74 1.70 -20542.926095873 -5135.441203404
07 0.74 1.75 -20542.892430587 -5135.439755716
07 0.74 1.80 -20542.860637439 -5135.438457938
07 0.76 1.40 -20543.120183785 -5135.451196070
07 0.76 1.45 -20543.076034492 -5135.448665491
07 0.76 1.50 -20543.034220828 -5135.446415967
07 0.76 1.55 -20542.994642870 -5135.444412736
07 0.76 1.60 -20542.957204011 -5135.442625704
07 0.76 1.65 -20542.921809920 -5135.441028782
07 0.76 1.70 -20542.888367931 -5135.439599317
07 0.76 1.75 -20542.856786763 -5135.438317612
07 0.76 1.80 -20542.826976457 -5135.437166508
07 0.78 1.40 -20543.070771984 -5135.448394167
07 0.78 1.45 -20543.029234649 -5135.446174729
07 0.78 1.50 -20542.989917677 -5135.444197823
07 0.78 1.55 -20542.952725717 -5135.442433873
07 0.78 1.60 -20542.917565523 -5135.440857233
07 0.78 1.65 -20542.884345365 -5135.439445626
07 0.78 1.70 -20542.852974756 -5135.438179676
07 0.78 1.75 -20542.823364423 -5135.437042498
07 0.78 1.80 -20542.795426429 -5135.436019361
07 0.80 1.40 -20543.024294934 -5135.445937941
07 0.80 1.45 -20542.985237157 -5135.443986806
07 0.80 1.50 -20542.948290442 -5135.442245462
07 0.80 1.55 -20542.913362590 -5135.440688691
07 0.80 1.60 -20542.880362775 -5135.439294586
07 0.80 1.65 -20542.849201284 -5135.438044080
07 0.80 1.70 -20542.819789509 -5135.436920560
07 0.80 1.75 -20542.792040082 -5135.435909521
07 0.80 1.80 -20542.765867120 -5135.434998283
08 0.66 1.40 -32414.076137025 -4050.752600465
08 0.66 1.45 -32413.880163655 -4050.744066462
08 0.66 1.50 -32413.696017199 -4050.736509169
08 0.66 1.55 -32413.522818845 -4050.729804954
08 0.66 1.60 -32413.359807149 -4050.723847294
08 0.66 1.65 -32413.206313017 -4050.718544186
08 0.66 1.70 -32413.061740007 -4050.713815991
08 0.66 1.75 -32412.925548977 -4050.709593625
08 0.66 1.80 -32412.797246323 -4050.705817041
08 0.68 1.40 -32413.844040071 -4050.742509720
08 0.68 1.45 -32413.662055281 -4050.735131189
08 0.68 1.50 -32413.490862056 -4050.728582928
08 0.68 1.55 -32413.329719356 -4050.722761604
08 0.68 1.60 -32413.177974051 -4050.717577919
08 0.68 1.65 -32413.035042199 -4050.712954528
08 0.68 1.70 -32412.900394496 -4050.708824304
08 0.68 1.75 -32412.773545153 -4050.705128876
08 0.68 1.80 -32412.654043517 -4050.701817391
08 0.70 1.40 -32413.628504345 -4050.733787418
08 0.70 1.45 -32413.459287920 -4050.727390726
08 0.70 1.50 -32413.299989414 -4050.721701971
08 0.70 1.55 -32413.149970875 -4050.716634463
08 0.70 1.60 -32413.008660249 -4050.712113074
08 0.70 1.65 -32412.875537609 -4050.708072570
08 0.70 1.70 -32412.750124638 -4050.704456195
08 0.70 1.75 -32412.631976754 -4050.701214485
08 0.70 1.80 -32412.520677302 -4050.698304255
08 0.72 1.40 -32413.428091223 -4050.726227478
08 0.72 1.45 -32413.270612714 -4050.720667647
08 0.72 1.50 -32413.122299340 -4050.715713174
08 0.72 1.55 -32412.982590364 -4050.711291074
08 0.72 1.60 -32412.850974799 -4050.707337940
08 0.72 1.65 -32412.726981483 -4050.703798582
08 0.72 1.70 -32412.610171670 -4050.700624875
08 0.72 1.75 -32412.500133586 -4050.697774791
08 0.72 1.80 -32412.396478531 -4050.695211562
08 0.74 1.40 -32413.241584747 -4050.719657910
08 0.74 1.45 -32413.094955374 -4050.714813431
08 0.74 1.50 -32412.956828809 -4050.710487991
08 0.74 1.55 -32412.826702597 -4050.706619951
08 0.74 1.60 -32412.704112430 -4050.703155633
08 0.74 1.65 -32412.588625181 -4050.700048212
08 0.74 1.70 -32412.479833807 -4050.697256776
08 0.74 1.75 -32412.377353712 -4050.694745522
08 0.74 1.80 -32412.280820195 -4050.692483069
08 0.76 1.40 -32413.067934977 -4050.713934631
08 0.76 1.45 -32412.931371904 -4050.709703305
08 0.76 1.50 -32412.802717572 -4050.705918152
08 0.76 1.55 -32412.681514251 -4050.702526958
08 0.76 1.60 -32412.567334229 -4050.699484156
08 0.76 1.65 -32412.459775054 -4050.696749916
08 0.76 1.70 -32412.358456136 -4050.694289367
08 0.76 1.75 -32412.263016384 -4050.692071938
08 0.76 1.80 -32412.173112588 -4050.690070783
08 0.78 1.40 -32412.906216018 -4050.708936513
08 0.78 1.45 -32412.779016338 -4050.705232107
08 0.78 1.50 -32412.659183753 -4050.701912179
08 0.78 1.55 -32412.546295785 -4050.698932377
08 0.78 1.60 -32412.439954440 -4050.696253921
08 0.78 1.65 -32412.339783048 -4050.693842846
08 0.78 1.70 -32412.245424068 -4050.691669361
08 0.78 1.75 -32412.156537587 -4050.689707300
08 0.78 1.80 -32412.072800316 -4050.687933646
08 0.80 1.40 -32412.755595543 -4050.704561394
08 0.80 1.45 -32412.637117775 -4050.701310928
08 0.80 1.50 -32412.525506847 -4050.698392557
08 0.80 1.55 -32412.420369105 -4050.695768516
08 0.80 1.60 -32412.321331717 -4050.693405716
08 0.80 1.65 -32412.228040636 -4050.691275127
08 0.80 1.70 -32412.140159215 -4050.689351240
08 0.80 1.75 -32412.057367270 -4050.687611609
08 0.80 1.80 -32411.979360426 -4050.686036458
09 0.66 1.40 -43020.791382508 -10753.239575960
09 0.66 1.45 -43020.487288053 -10753.194641839
09 0.66 1.50 -43020.206059134 -10753.154532607
09 0.66 1.55 -43019.945365478 -10753.118660340
09 0.66 1.60 -43019.703197811 -10753.086516687
09 0.66 1.65 -43019.477817190 -10753.057661330
09 0.66 1.70 -43019.267711831 -10753.031712119
09 0.66 1.75 -43019.071560539 -10753.008336675
09 0.66 1.80 -43018.888201943 -10752.987245261
09 0.68 1.40 -43020.426675388 -10753.184813068
09 0.68 1.45 -43020.149941284 -10753.145752438
09 0.68 1.50 -43019.893290211 -10753.110802050
09 0.68 1.55 -43019.654775500 -10753.079470611
09 0.68 1.60 -43019.432710637 -10753.051332374
09 0.68 1.65 -43019.225627659 -10753.026017649
09 0.68 1.70 -43019.032241964 -10753.003204721
09 0.68 1.75 -43018.851422746 -10752.982612999
09 0.68 1.80 -43018.682168323 -10752.963997194
09 0.70 1.40 -43020.094781515 -10753.137217769
09 0.70 1.45 -43019.842078547 -10753.103159835
09 0.70 1.50 -43019.607135298 -10753.072615110
09 0.70 1.55 -43019.388315538 -10753.045171850
09 0.70 1.60 -43019.184193320 -10753.020472339
09 0.70 1.65 -43018.993519130 -10752.998205120
09 0.70 1.70 -43018.815191483 -10752.978098398
09 0.70 1.75 -43018.648233256 -10752.959914446
09 0.70 1.80 -43018.491772105 -10752.943444863
09 0.72 1.40 -43019.791709721 -10753.095726448
09 0.72 1.45 -43019.560259255 -10753.065943894
09 0.72 1.50 -43019.344616285 -10753.039174286
09 0.72 1.55 -43019.143395157 -10753.015071422
09 0.72 1.60 -43018.955380004 -10752.993333707
09 0.72 1.65 -43018.779497478 -10752.973697810
09 0.72 1.70 -43018.614794044 -10752.955933286
09 0.72 1.75 -43018.460417222 -10752.939838010
09 0.72 1.80 -43018.315600168 -10752.925234308
09 0.74 1.40 -43019.514130048 -10753.059450917
09 0.74 1.45 -43019.301597794 -10753.033334421
09 0.74 1.50 -43019.103219946 -10753.009810308
09 0.74 1.55 -43018.917812917 -10752.988586470
09 0.74 1.60 -43018.744330360 -10752.969407724
09 0.74 1.65 -43018.581841406 -10752.952050634
09 0.74 1.70 -43018.429512687 -10752.936319121
09 0.74 1.75 -43018.286593580 -10752.922040741
09 0.74 1.80 -43018.152404155 -10752.909063516
09 0.76 1.40 -43019.259245480 -10753.027647194
09 0.76 1.45 -43019.063654882 -10753.004684582
09 0.76 1.50 -43018.880806546 -10752.983959550
09 0.76 1.55 -43018.709680052 -10752.965224756
09 0.76 1.60 -43018.549366311 -10752.948263516
09 0.76 1.65 -43018.399050353 -10752.932885580
09 0.76 1.70 -43018.257997200 -10752.918923546
09 0.76 1.75 -43018.125540337 -10752.906229809
09 0.76 1.80 -43018.001072314 -10752.894673959
09 0.78 1.40 -43019.024687556 -10752.999689992
09 0.78 1.45 -43018.844349902 -10752.979449225
09 0.78 1.50 -43018.675536752 -10752.961145644
09 0.78 1.55 -43018.517359961 -10752.944569068
09 0.78 1.60 -43018.369022275 -10752.929534866
09 0.78 1.65 -43018.229803812 -10752.915880498
09 0.78 1.70 -43018.099051028 -10752.903462580
09 0.78 1.75 -43017.976167726 -10752.892154376
09 0.78 1.80 -43017.860607732 -10752.881843657
09 0.80 1.40 -43018.808432311 -10752.975051912
09 0.80 1.45 -43018.641890925 -10752.957167244
09 0.80 1.50 -43018.485813783 -10752.940964526
09 0.80 1.55 -43018.339420700 -10752.926264543
09 0.80 1.60 -43018.202006368 -10752.912909448
09 0.80 1.65 -43018.072929791 -10752.900759930
09 0.80 1.70 -43017.951605683 -10752.889692803
09 0.80 1.75 -43017.837497450 -10752.879598931
09 0.80 1.80 -43017.730111453 -10752.870381459
10 0.66 1.40 -17634.804235431 -8816.340986667
10 0.66 1.45 -17634.696425168 -8816.307049170
10 0.66 1.50 -17634.597367021 -8816.276877650
10 0.66 1.55 -17634.506128284 -8816.250002685
10 0.66 1.60 -17634.421896904 -8816.226018308
10 0.66 1.65 -17634.343964352 -8816.204573049
10 0.66 1.70 -17634.271710995 -8816.185362246
10 0.66 1.75 -17634.204593576 -8816.168121425
10 0.66 1.80 -17634.142134514 -8816.152620650
10 0.68 1.40 -17634.678873445 -8816.301624226
10 0.68 1.45 -17634.581175557 -8816.272048239
10 0.68 1.50 -17634.491152657 -8816.245694269
10 0.68 1.55 -17634.408012394 -8816.222166677
10 0.68 1.60 -17634.331062911 -8816.201122792
10 0.68 1.65 -17634.259698684 -8816.182265446
10 0.68 1.70 -17634.193388408 -8816.165336565
10 0.68 1.75 -17634.131664629 -8816.150111678
10 0.68 1.80 -17634.074114871 -8816.136395220
10 0.70 1.40 -17634.565233689 -8816.267329803
10 0.70 1.45 -17634.476400494 -8816.241483057
10 0.70 1.50 -17634.394328866 -8816.218400399
10 0.70 1.55 -17634.318343037 -8816.197747663
10 0.70 1.60 -17634.247851099 -8816.179234934
10 0.70 1.65 -17634.182333287 -8816.162610330
10 0.70 1.70 -17634.121331936 -8816.147654670
10 0.70 1.75 -17634.064442883 -8816.134176923
10 0.70 1.80 -17634.011308113 -8816.122010307
10 0.72 1.40 -17634.461866675 -8816.237366251
10 0.72 1.45 -17634.380841923 -8816.214717062
10 0.72 1.50 -17634.305800932 -8816.194445579
10 0.72 1.55 -17634.236164946 -8816.176268906
10 0.72 1.60 -17634.171425344 -8816.159941151
10 0.72 1.65 -17634.111133917 -8816.145248261
10 0.72 1.70 -17634.054894543 -8816.132003595
10 0.72 1.75 -17634.002356059 -8816.120044140
10 0.72 1.80 -17633.953206158 -8816.109227276
10 0.74 1.40 -17634.367547313 -8816.211114336
10 0.74 1.45 -17634.293432926 -8816.191214529
10 0.74 1.50 -17634.224637038 -8816.173365617
10 0.74 1.55 -17634.160661792 -8816.157327513
10 0.74 1.60 -17634.101068124 -8816.142891129
10 0.74 1.65 -17634.045467689 -8816.129874080
10 0.74 1.70 -17633.993515955 -8816.118117008
10 0.74 1.75 -17633.944906290 -8816.107480440
10 0.74 1.80 -17633.899364913 -8816.097842095
10 0.76 1.40 -17634.281235466 -8816.188052565
10 0.76 1.45 -17634.213264283 -8816.170523380
10 0.76 1.50 -17634.150039929 -8816.154767948
10 0.76 1.55 -17634.091132180 -8816.140581994
10 0.76 1.60 -17634.036160216 -8816.127787258
10 0.76 1.65 -17633.984785928 -8816.116227929
10 0.76 1.70 -17633.936708185 -8816.105767587
10 0.76 1.75 -17633.891657933 -8816.096286586
10 0.76 1.80 -17633.849394004 -8816.087679813
10 0.78 1.40 -17634.202043687 -8816.167740563
10 0.78 1.45 -17634.139557133 -8816.152261036
10 0.78 1.50 -17634.081323774 -8816.138319616
10 0.78 1.55 -17634.026970076 -8816.125742045
10 0.78 1.60 -17633.976164151 -8816.114375952
10 0.78 1.65 -17633.928610205 -8816.104087881
10 0.78 1.70 -17633.884043770 -8816.094760745
10 0.78 1.75 -17633.842227649 -8816.086291648
10 0.78 1.80 -17633.802948434 -8816.078590008
10 0.80 1.40 -17634.129210856 -8816.149805402
10 0.80 1.45 -17634.071640659 -8816.136102795
10 0.80 1.50 -17634.017895273 -8816.123737389
10 0.80 1.55 -17633.967648843 -8816.112560153
10 0.80 1.60 -17633.920610748 -8816.102440508
10 0.80 1.65 -17633.876520981 -8816.093263855
10 0.80 1.70 -17633.835146202 -8816.084929450
10 0.80 1.75 -17633.796276359 -8816.077348579
10 0.80 1.80 -17633.759721802 -8816.070442997
11 0.66 1.40 -18509.137261542 -4626.322202258
11 0.66 1.45 -18509.037017088 -4626.311805045
11 0.66 1.50 -18508.943693608 -4626.302631699
11 0.66 1.55 -18508.856635875 -4626.294522025
11 0.66 1.60 -18508.775280001 -4626.287338734
11 0.66 1.65 -18508.699137921 -4626.280963913
11 0.66 1.70 -18508.627784525 -4626.275296082
11 0.66 1.75 -18508.560846957 -4626.270247718
11 0.66 1.80 -18508.497995763 -4626.265743177
11 0.68 1.40 -18509.021258053 -4626.310132547
11 0.68 1.45 -18508.928987441 -4626.301155990
11 0.68 1.50 -18508.842886142 -4626.293217260
11 0.68 1.55 -18508.762403885 -4626.286182786
11 0.68 1.60 -18508.687063797 -4626.279937800
11 0.68 1.65 -18508.616449950 -4626.274383480
11 0.68 1.70 -18508.550197029 -4626.269434559
11 0.68 1.75 -18508.487981762 -4626.265017310
11 0.68 1.80 -18508.429515860 -4626.261067857
11 0.70 1.40 -18508.914462288 -4626.299715100
11 0.70 1.45 -18508.829301693 -4626.291942746
11 0.70 1.50 -18508.749679521 -4626.285053181
11 0.70 1.55 -18508.675129687 -4626.278934676
11 0.70 1.60 -18508.605245117 -4626.273490984
11 0.70 1.65 -18508.539667759 -4626.268639021
11 0.70 1.70 -18508.478080309 -4626.264306918
11 0.70 1.75 -18508.420199394 -4626.260432381
11 0.70 1.80 -18508.365769972 -4626.256961309
11 0.72 1.40 -18508.815879770 -4626.290697622
11 0.72 1.45 -18508.737104524 -4626.283949181
11 0.72 1.50 -18508.663333509 -4626.277953909
11 0.72 1.55 -18508.594168187 -4626.272618049
11 0.72 1.60 -18508.529257509 -4626.267860633
11 0.72 1.65 -18508.468289928 -4626.263611593
11 0.72 1.70 -18508.410986817 -4626.259810169
11 0.72 1.75 -18508.357097073 -4626.256403572
11 0.72 1.80 -18508.306392714 -4626.253345852
11 0.74 1.40 -18508.724676573 -4626.282870072
11 0.74 1.45 -18508.651673234 -4626.276994884
11 0.74 1.50 -18508.583217365 -4626.271764147
11 0.74 1.55 -18508.518964673 -4626.267098941
11 0.74 1.60 -18508.458609168 -4626.262930941
11 0.74 1.65 -18508.401876807 -4626.259200879
11 0.74 1.70 -18508.348520298 -4626.255857238
11 0.74 1.75 -18508.298314855 -4626.252855158
11 0.74 1.80 -18508.251054782 -4626.250155500
11 0.76 1.40 -18508.640146880 -4626.276057008
11 0.76 1.45 -18508.572390896 -4626.270928766
11 0.76 1.50 -18508.508787681 -4626.266353502
11 0.76 1.55 -18508.449036607 -4626.262264582
11 0.76 1.60 -18508.392868065 -4626.258604181
11 0.76 1.65 -18508.340038450 -4626.255322019
11 0.76 1.70 -18508.290326079 -4626.252374292
11 0.76 1.75 -18508.243527894 -4626.249722775
11 0.76 1.80 -18508.199456813 -4626.247334045
11 0.78 1.40 -18508.561687064 -4626.270111411
11 0.78 1.45 -18508.498724992 -4626.265623889
11 0.78 1.50 -18508.439570848 -4626.261612145
11 0.78 1.55 -18508.383959310 -4626.258019754
11 0.78 1.60 -18508.331650348 -4626.254797634
11 0.78 1.65 -18508.282425291 -4626.251903013
11 0.78 1.70 -18508.236083647 -4626.249298547
11 0.78 1.75 -18508.192440560 -4626.246951574
11 0.78 1.80 -18508.151324769 -4626.244833482
11 0.80 1.40 -18508.488775094 -4626.264909687
11 0.80 1.45 -18508.430210517 -4626.260973270
11 0.80 1.50 -18508.375149285 -4626.257447285
11 0.80 1.55 -18508.323354831 -4626.254283814
11 0.80 1.60 -18508.274611408 -4626.251441083
11 0.80 1.65 -18508.228721030 -4626.248882607
11 0.80 1.70 -18508.185501013 -4626.246576466
11 0.80 1.75 -18508.144782014 -4626.244494684
11 0.80 1.80 -18508.106406465 -4626.242612702
12 0.66 1.40 -24640.055208234 -6158.892969251
12 0.66 1.45 -24639.868463485 -6158.866359216
12 0.66 1.50 -24639.696025348 -6158.842746653
12 0.66 1.55 -24639.536410399 -6158.821754530
12 0.66 1.60 -24639.388339099 -6158.803058377
12 0.66 1.65 -24639.250702649 -6158.786378170
12 0.66 1.70 -24639.122535497 -6158.771471587
12 0.66 1.75 -24639.002992519 -6158.758128399
12 0.66 1.80 -24638.891330083 -6158.746165777
12 0.68 1.40 -24639.829917840 -6158.860467957
12 0.68 1.45 -24639.660346380 -6158.837516622
12 0.68 1.50 -24639.503306738 -6158.817102883
12 0.68 1.55 -24639.357559688 -6158.798913744
12 0.68 1.60 -24639.222030068 -6158.782678903
12 0.68 1.65 -24639.095780417 -6158.768164298
12 0.68 1.70 -24638.977989118 -6158.755166740
12 0.68 1.75 -24638.867932246 -6158.743509424
12 0.68 1.80 -24638.764968529 -6158.733038167
12 0.70 1.40 -24639.625261922 -6158.832438492
12 0.70 1.45 -24639.470738626 -6158.812584193
12 0.70 1.50 -24639.327265059 -6158.794885732
12 0.70 1.55 -24639.193798302 -6158.779082131
12 0.70 1.60 -24639.069427846 -6158.764947260
12 0.70 1.65 -24638.953354627 -6158.752284697
12 0.70 1.70 -24638.844873647 -6158.740923430
12 0.70 1.75 -24638.743359577 -6158.730714246
12 0.70 1.80 -24638.648254820 -6158.721526696
12 0.72 1.40 -24639.438693806 -6158.808193976
12 0.72 1.45 -24639.297444654 -6158.790970468
12 0.72 1.50 -24639.165998209 -6158.775584502
12 0.72 1.55 -24639.043469804 -6158.761817568
12 0.72 1.60 -24638.929082027 -6158.749479746
12 0.72 1.65 -24638.822148070 -6158.738405595
12 0.72 1.70 -24638.722057934 -6158.728450688
12 0.72 1.75 -24638.628267014 -6158.719488698
12 0.72 1.80 -24638.540286666 -6158.711408925
12 0.74 1.40 -24639.268088284 -6158.787164230
12 0.74 1.45 -24639.138620938 -6158.772182794
12 0.74 1.50 -24639.017898554 -6158.758772423
12 0.74 1.55 -24638.905164508 -6158.746749452
12 0.74 1.60 -24638.799749468 -6158.735953798
12 0.74 1.65 -24638.701058190 -6158.726245641
12 0.74 1.70 -24638.608558597 -6158.717502626
12 0.74 1.75 -24638.521772735 -6158.709617483
12 0.74 1.80 -24638.440269329 -6158.702496011
12 0.76 1.40 -24639.111657926 -6158.768873904
12 0.76 1.45 -24638.992706594 -6158.755809132
12 0.76 1.50 -24638.881595445 -6158.744091470
12 0.76 1.55 -24638.777671950 -6158.733565994
12 0.76 1.60 -24638.680355075 -6158.724097320
12 0.76 1.65 -24638.589124811 -6158.715566918
12 0.76 1.70 -24638.503513547 -6158.707870827
12 0.76 1.75 -24638.423098912 -6158.700917712
12 0.76 1.80 -24638.347497875 -6158.694627204
12 0.78 1.40 -24638.967886645 -6158.752925098
12 0.78 1.45 -24638.858368402 -6158.741503540
12 0.78 1.50 -24638.755909783 -6158.731240211
12 0.78 1.55 -24638.659943436 -6158.722003999
12 0.78 1.60 -24638.569961009 -6158.713680064
12 0.78 1.65 -24638.485504878 -6158.706167633
12 0.78 1.70 -24638.406161303 -6158.699378137
12 0.78 1.75 -24638.331554772 -6158.693233608
12 0.78 1.80 -24638.261343292 -6158.687665310
12 0.80 1.40 -24638.835477113 -6158.738983484
12 0.80 1.45 -24638.734457373 -6158.728974547
12 0.80 1.50 -24638.639818251 -6158.719964017
12 0.80 1.55 -24638.551062643 -6158.711840606
12 0.80 1.60 -24638.467742590 -6158.704506621
12 0.80 1.65 -24638.389452719 -6158.697876161
12 0.80 1.70 -24638.315824822 -6158.691873577
12 0.80 1.75 -24638.246523334 -6158.686432152
12 0.80 1.80 -24638.181241577 -6158.681492959
13 0.66 1.40 -21013.197677778 -10505.379401823
13 0.66 1.45 -21012.974624329 -10505.305330204
13 0.66 1.50 -21012.769121254 -10505.238984384
13 0.66 1.55 -21012.579369762 -10505.179439921
13 0.66 1.60 -21012.403800816 -10505.125895976
13 0.66 1.65 -21012.241041969 -10505.077657621
13 0.66 1.70 -21012.089889028 -10505.034120665
13 0.66 1.75 -21011.949281879 -10504.994758705
13 0.66 1.80 -21011.818283929 -10504.959112088
13 0.68 1.40 -21012.920374469 -10505.285721369
13 0.68 1.45 -21012.719095300 -10505.221405730
13 0.68 1.50 -21012.533134689 -10505.163650674
13 0.68 1.55 -21012.360979520 -10505.111687285
13 0.68 1.60 -21012.201305115 -10505.064848004
13 0.68 1.65 -21012.052948065 -10505.022552123
13 0.68 1.70 -21011.914883093 -10504.984293391
13 0.68 1.75 -21011.786203380 -10504.949629474
13 0.68 1.80 -21011.666103878 -10504.918172991
13 0.70 1.40 -21012.670105115 -10505.204374678
13 0.70 1.45 -21012.487829538 -10505.148344647
13 0.70 1.50 -21012.318996080 -10505.097905888
13 0.70 1.55 -21012.162325793 -10505.052417023
13 0.70 1.60 -21012.016694317 -10505.011319793
13 0.70 1.65 -21011.881109730 -10504.974127227
13 0.70 1.70 -21011.754693731 -10504.940413563
13 0.70 1.75 -21011.636665696 -10504.909805687
13 0.70 1.80 -21011.526329191 -10504.881975860
13 0.72 1.40 -21012.443428105 -10505.133504271
13 0.72 1.45 -21012.277827715 -10505.084536509
13 0.72 1.50 -21012.124084138 -10505.040351364
13 0.72 1.55 -21011.981110399 -10505.000412054
13 0.72 1.60 -21011.847946512 -10504.964250048
13 0.72 1.65 -21011.723741495 -10504.931455443
13 0.72 1.70 -21011.607738138 -10504.901668786
13 0.72 1.75 -21011.499260121 -10504.874574129
13 0.72 1.80 -21011.397701143 -10504.849893125
13 0.74 1.40 -21012.237452505 -10505.071564496
13 0.74 1.45 -21012.086561016 -10505.028638256
13 0.74 1.50 -21011.946179543 -10504.989817750
13 0.74 1.55 -21011.815378685 -10504.954652089
13 0.74 1.60 -21011.693333633 -10504.922746549
13 0.74 1.65 -21011.579309623 -10504.893754758
13 0.74 1.70 -21011.472649642 -10504.867372068
13 0.74 1.75 -21011.372764055 -10504.843329910
13 0.74 1.80 -21011.279121839 -10504.821391002
13 0.76 1.40 -21012.049737988 -10505.017265446
13 0.76 1.45 -21011.911885573 -10504.979526170
13 0.76 1.50 -21011.783391996 -10504.945323968
13 0.76 1.55 -21011.663457528 -10504.914278646
13 0.76 1.60 -21011.551368934 -10504.886056361
13 0.76 1.65 -21011.446487735 -10504.860363292
13 0.76 1.70 -21011.348240312 -10504.836940250
13 0.76 1.75 -21011.256109550 -10504.815558095
13 0.76 1.80 -21011.169627778 -10504.796013820
13 0.78 1.40 -21011.878212875 -10504.969527028
13 0.78 1.45 -21011.751972669 -10504.936256672
13 0.78 1.50 -21011.634100974 -10504.906043817
13 0.78 1.55 -21011.523905202 -10504.878566625
13 0.78 1.60 -21011.420764676 -10504.853541653
13 0.78 1.65 -21011.324121180 -10504.830718710
13 0.78 1.70 -21011.233470987 -10504.809876470
13 0.78 1.75 -21011.148358129 -10504.790818735
13 0.78 1.80 -21011.068368688 -10504.773371227
13 0.80 1.40 -21011.721107388 -10504.927441535
13 0.80 1.45 -21011.605252150 -10504.898034447
13 0.80 1.50 -21011.496907889 -10504.871278844
13 0.80 1.55 -21011.395471028 -10504.846901233
13 0.80 1.60 -21011.300398167 -10504.824660055
13 0.80 1.65 -21011.211198484 -10504.804341488
13 0.80 1.70 -21011.127427299 -10504.785755874
13 0.80 1.75 -21011.048680628 -10504.768734651
13 0.80 1.80 -21010.974590544 -10504.753127724
14 0.66 1.40 -41217.509142486 -10303.088892727
14 0.66 1.45 -41217.324565958 -10303.065754028
14 0.66 1.50 -41217.153197562 -10303.045169680
14 0.66 1.55 -41216.993814931 -10303.026827522
14 0.66 1.60 -41216.845350449 -10303.010456261
14 0.66 1.65 -41216.706868652 -10302.995819972
14 0.66 1.70 -41216.577546167 -10302.982713347
14 0.66 1.75 -41216.456654178 -10302.970957573
14 0.66 1.80 -41216.343543384 -10302.960396755
14 0.68 1.40 -41217.299158746 -10303.062193502
14 0.68 1.45 -41217.129711280 -10303.042014991
14 0.68 1.50 -41216.972053273 -10303.024027088
14 0.68 1.55 -41216.825142747 -10303.007965638
14 0.68 1.60 -41216.688066157 -10302.993600809
14 0.68 1.65 -41216.560018850 -10302.980732492
14 0.68 1.70 -41216.440287983 -10302.969186320
14 0.68 1.75 -41216.328237887 -10302.958810202
14 0.68 1.80 -41216.223297753 -10302.949471325
14 0.70 1.40 -41217.106587711 -10303.038941889
14 0.70 1.45 -41216.950617963 -10303.021297848
14 0.70 1.50 -41216.805229787 -10303.005537264
14 0.70 1.55 -41216.669530862 -10302.991436179
14 0.70 1.60 -41216.542734657 -10302.978799504
14 0.70 1.65 -41216.424143796 -10302.967457163
14 0.70 1.70 -41216.313135804 -10302.957260743
14 0.70 1.75 -41216.209151134 -10302.948080580
14 0.70 1.80 -41216.111683299 -10302.939803236
14 0.72 1.40 -41216.929501696 -10303.018637517
14 0.72 1.45 -41216.785605227 -10303.003169170
14 0.72 1.50 -41216.651257244 -10302.989324384
14 0.72 1.55 -41216.525688763 -10302.976912914
14 0.72 1.60 -41216.408217383 -10302.965768830
14 0.72 1.65 -41216.298233401 -10302.955747270
14 0.72 1.70 -41216.195188177 -10302.946721617
14 0.72 1.75 -41216.098584552 -10302.938581050
14 0.72 1.80 -41216.007969104 -10302.931228421
14 0.74 1.40 -41216.766262933 -10303.000859460
14 0.74 1.45 -41216.633239956 -10302.987263785
14 0.74 1.50 -41216.508876492 -10302.975071305
14 0.74 1.55 -41216.392504635 -10302.964120093
14 0.74 1.60 -41216.283527053 -10302.954268719
14 0.74 1.65 -41216.181405667 -10302.945393510
14 0.74 1.70 -41216.085652356 -10302.937386177
14 0.74 1.75 -41215.995821451 -10302.930151750
14 0.74 1.80 -41215.911503767 -10302.923606798
14 0.76 1.40 -41216.615473825 -10302.985252809
14 0.76 1.45 -41216.492293312 -10302.973273315
14 0.76 1.50 -41216.377001568 -10302.962509770
14 0.76 1.55 -41216.269013240 -10302.952824061
14 0.76 1.60 -41216.167800479 -10302.944095363
14 0.76 1.65 -41216.072883920 -10302.936217836
14 0.76 1.70 -41215.983825413 -10302.929098617
14 0.76 1.75 -41215.900222254 -10302.922656093
14 0.76 1.80 -41215.821702655 -10302.916818407
14 0.78 1.40 -41216.475934829 -10302.971517627
14 0.78 1.45 -41216.361704313 -10302.960936719
14 0.78 1.50 -41216.254688538 -10302.951412304
14 0.78 1.55 -41216.154369568 -10302.942826313
14 0.78 1.60 -41216.060276523 -10302.935075273
14 0.78 1.65 -41215.971978545 -10302.928068361
14 0.78 1.70 -41215.889079223 -10302.921725726
14 0.78 1.75 -41215.811212223 -10302.915977033
14 0.78 1.80 -41215.738037872 -10302.910760211
14 0.80 1.40 -41216.346609113 -10302.959399840
14 0.80 1.45 -41216.240549619 -10302.950032493
14 0.80 1.50 -41216.141109968 -10302.941585526
14 0.80 1.55 -41216.047827510 -10302.933957759
14 0.80 1.60 -41215.960278459 -10302.927060346
14 0.80 1.65 -41215.878072514 -10302.920815141
14 0.80 1.70 -41215.800848643 -10302.915153281
14 0.80 1.75 -41215.728271800 -10302.910013974
14 0.80 1.80 -41215.660030351 -10302.905343449
15 0.66 1.40 -20608.699376438 -10303.088892727
15 0.66 1.45 -20608.607093046 -10303.065754028
15 0.66 1.50 -20608.521387610 -10303.045169680
15 0.66 1.55 -20608.441672576 -10303.026827522
15 0.66 1.60 -20608.367431422 -10303.010456261
15 0.66 1.65 -20608.298208188 -10302.995819972
15 0.66 1.70 -20608.233598386 -10302.982713347
15 0.66 1.75 -20608.173241195 -10302.970957573
15 0.66 1.80 -20608.116812811 -10302.960396755
15 0.68 1.40 -20608.594285643 -10303.062193502
15 0.68 1.45 -20608.509548557 -10303.042014991
15 0.68 1.50 -20608.430705271 -10303.024027088
15 0.68 1.55 -20608.357251409 -10303.007965638
15 0.68 1.60 -20608.288741390 -10302.993600809
15 0.68 1.65 -20608.224779624 -10302.980732492
15 0.68 1.70 -20608.165012928 -10302.969186320
15 0.68 1.75 -20608.109124082 -10302.958810202
15 0.68 1.80 -20608.056826419 -10302.949471325
15 0.70 1.40 -20608.497893350 -10303.038941889
15 0.70 1.45 -20608.419903518 -10303.021297848
15 0.70 1.50 -20608.347221040 -10303.005537264
15 0.70 1.55 -20608.279410361 -10302.991436179
15 0.70 1.60 -20608.216084486 -10302.978799504
15 0.70 1.65 -20608.156897623 -10302.967457163
15 0.70 1.70 -20608.101538913 -10302.957260743
15 0.70 1.75 -20608.049727186 -10302.948080580
15 0.70 1.80 -20608.001206611 -10302.939803236
15 0.72 1.40 -20608.409263603 -10303.018637517
15 0.72 1.45 -20608.337337106 -10303.003169170
15 0.72 1.50 -20608.270212318 -10302.989324384
15 0.72 1.55 -20608.207510555 -10302.976912914
15 0.72 1.60 -20608.148893164 -10302.965768830
15 0.72 1.65 -20608.094055446 -10302.955747270
15 0.72 1.70 -20608.042721546 -10302.946721617
15 0.72 1.75 -20607.994640239 -10302.938581050
15 0.72 1.80 -20607.949581498 -10302.931228421
15 0.74 1.40 -20608.327596511 -10303.000859460
15 0.74 1.45 -20608.261144577 -10302.987263785
15 0.74 1.50 -20608.199055488 -10302.975071305
15 0.74 1.55 -20608.140997502 -10302.964120093
15 0.74 1.60 -20608.086671875 -10302.954268719
15 0.74 1.65 -20608.035807900 -10302.945393510
15 0.74 1.70 -20607.988158814 -10302.937386177
15 0.74 1.75 -20607.943498464 -10302.930151750
15 0.74 1.80 -20607.901618625 -10302.923606798
15 0.76 1.40 -20608.252204542 -10302.985252809
15 0.76 1.45 -20608.190717021 -10302.973273315
15 0.76 1.50 -20608.133208649 -10302.962509770
15 0.76 1.55 -20608.079386447 -10302.952824061
15 0.76 1.60 -20608.028984692 -10302.944095363
15 0.76 1.65 -20607.981760945 -10302.936217836
15 0.76 1.70 -20607.937492810 -10302.929098617
15 0.76 1.75 -20607.895975341 -10302.922656093
15 0.76 1.80 -20607.857018967 -10302.916818407
15 0.78 1.40 -20608.182492962 -10302.971517627
15 0.78 1.45 -20608.125524679 -10302.960936719
15 0.78 1.50 -20608.072197457 -10302.951412304
15 0.78 1.55 -20608.022250406 -10302.942826313
15 0.78 1.60 -20607.975445274 -10302.935075273
15 0.78 1.65 -20607.931563313 -10302.928068361
15 0.78 1.70 -20607.890402761 -10302.921725726
15 0.78 1.75 -20607.851776837 -10302.915977033
15 0.78 1.80 -20607.815512150 -10302.910760211
15 0.80 1.40 -20608.117943720 -10302.959399840
15 0.80 1.45 -20608.065103249 -10302.950032493
15 0.80 1.50 -20608.015603562 -10302.941585526
15 0.80 1.55 -20607.969210473 -10302.933957759
15 0.80 1.60 -20607.925708774 -10302.927060346
15 0.80 1.65 -20607.884899797 -10302.920815141
15 0.80 1.70 -20607.846599473 -10302.915153281
15 0.80 1.75 -20607.810636802 -10302.910013974
15 0.80 1.80 -20607.776852621 -10302.905343449
16 0.66 1.40 -14393.336571292 -7195.795166538
16 0.66 1.45 -14393.225855487 -7195.761082537
16 0.66 1.50 -14393.123413727 -7195.730747168
16 0.66 1.55 -14393.028385013 -7195.703698782
16 0.66 1.60 -14392.940033442 -7195.679538508
16 0.66 1.65 -14392.857727297 -7195.657921013
16 0.66 1.70 -14392.780921348 -7195.638546682
16 0.66 1.75 -14392.709141998 -7195.621155005
16 0.66 1.80 -14392.641974930 -7195.605518985
16 0.68 1.40 -14393.202351786 -7195.753281384
16 0.68 1.45 -14393.101621099 -7195.723802789
16 0.68 1.50 -14393.008130193 -7195.697505983
16 0.68 1.55 -14392.921168296 -7195.674006309
16 0.68 1.60 -14392.840124518 -7195.652970574
16 0.68 1.65 -14392.764470837 -7195.634109545
16 0.68 1.70 -14392.693747850 -7195.617171609
16 0.68 1.75 -14392.627552943 -7195.601937405
16 0.68 1.80 -14392.565530550 -7195.588215275
16 0.70 1.40 -14393.080196170 -7195.717060775
16 0.70 1.45 -14392.988206984 -7195.691490815
16 0.70 1.50 -14392.902603877 -7195.668630325
16 0.70 1.55 -14392.822795877 -7195.648157771
16 0.70 1.60 -14392.748271409 -7195.629793898
16 0.70 1.65 -14392.678584633 -7195.613295646
16 0.70 1.70 -14392.613344119 -7195.598450992
16 0.70 1.75 -14392.552203547 -7195.585074597
16 0.70 1.80 -14392.494854123 -7195.573004103
16 0.72 1.40 -14392.968607630 -7195.685647300
16 0.72 1.45 -14392.884333537 -7195.663405373
16 0.72 1.50 -14392.805735635 -7195.643478104
16 0.72 1.55 -14392.732318070 -7195.625595828
16 0.72 1.60 -14392.663647963 -7195.609523702
16 0.72 1.65 -14392.599344579 -7195.595056766
16 0.72 1.70 -14392.539070439 -7195.582015758
16 0.72 1.75 -14392.482524100 -7195.570243562
16 0.72 1.80 -14392.429434311 -7195.559602194
16 0.74 1.40 -14392.866350868 -7195.658326466
16 0.74 1.45 -14392.788938252 -7195.638927242
16 0.74 1.50 -14392.716605990 -7195.621511562
16 0.74 1.55 -14392.648933594 -7195.605852490
16 0.74 1.60 -14392.585550549 -7195.591751856
16 0.74 1.65 -14392.526127845 -7195.579036247
16 0.74 1.70 -14392.470371083 -7195.567553593
16 0.74 1.75 -14392.418014921 -7195.557170272
16 0.74 1.80 -14392.368818623 -7195.547768649
16 0.76 1.40 -14392.772398375 -7195.634501011
16 0.76 1.45 -14392.701130494 -7195.617537469
16 0.76 1.50 -14392.634437400 -7195.602278840
16 0.76 1.55 -14392.571958361 -7195.588533492
16 0.76 1.60 -14392.513372470 -7195.576133638
16 0.76 1.65 -14392.458392087 -7195.564932067
16 0.76 1.70 -14392.406757553 -7195.554799362
16 0.76 1.75 -14392.358232956 -7195.545621533
16 0.76 1.80 -14392.312602747 -7195.537297991
16 0.78 1.40 -14392.685887049 -7195.613670048
16 0.78 1.45 -14392.620155378 -7195.598799700
16 0.78 1.50 -14392.558564441 -7195.585399003
16 0.78 1.55 -14392.500801098 -7195.573305590
16 0.78 1.60 -14392.446584194 -7195.562376932
16 0.78 1.65 -14392.395659538 -7195.552487660
16 0.78 1.70 -14392.347795874 -7195.543527299
16 0.78 1.75 -14392.302781668 -7195.535398314
16 0.78 1.80 -14392.260422543 -7195.528014451
16 0.80 1.40 -14392.606083635 -7195.595412122
16 0.80 1.45 -14392.545365310 -7195.582345812
16 0.80 1.50 -14392.488410589 -7195.570549848
16 0.80 1.55 -14392.434944549 -7195.559886205
16 0.80 1.60 -14392.384718262 -7195.550233422
16 0.80 1.65 -14392.337504968 -7195.541484411
16 0.80 1.70 -14392.293097025 -7195.533544584
16 0.80 1.75 -14392.251303464 -7195.526330256
16 0.80 1.80 -14392.211948039 -7195.519767266
17 0.66 1.40 -49275.375040604 -6158.398438727
17 0.66 1.45 -49274.990246952 -6158.371769349
17 0.66 1.50 -49274.635788047 -6158.348103382
17 0.66 1.55 -49274.308509594 -6158.327062720
17 0.66 1.60 -49274.005676849 -6158.308322077
17 0.66 1.65 -49273.724910355 -6158.291600820
17 0.66 1.70 -49273.464131648 -6158.276656176
17 0.66 1.75 -49273.221517417 -6158.263277582
17 0.66 1.80 -49272.995460882 -6158.251281966
17 0.68 1.40 -49274.911165783 -6158.365827800
17 0.68 1.45 -49274.562779189 -6158.342829840
17 0.68 1.50 -49274.240951506 -6158.322373303
17 0.68 1.55 -49273.943031402 -6158.304144543
17 0.68 1.60 -49273.666709707 -6158.287872788
17 0.68 1.65 -49273.409967191 -6158.273323648
17 0.68 1.70 -49273.171030491 -6158.260293702
17 0.68 1.75 -49272.948335007 -6158.248605985
17 0.68 1.80 -49272.740493742 -6158.238106196
17 0.70 1.40 -49274.491027186 -6158.337709724
17 0.70 1.45 -49274.174524389 -6158.317818120
17 0.70 1.50 -49273.881408052 -6158.300084697
17 0.70 1.55 -49273.609436534 -6158.284248146
17 0.70 1.60 -49273.356647525 -6158.270082123
17 0.70 1.65 -49273.121315684 -6158.257390071
17 0.70 1.70 -49272.901916984 -6158.246000895
17 0.70 1.75 -49272.697098809 -6158.235765333
17 0.70 1.80 -49272.505654938 -6158.226552901
17 0.72 1.40 -49274.109202104 -6158.313392657
17 0.72 1.45 -49273.820784203 -6158.296138644
17 0.72 1.50 -49273.553071189 -6158.280723524
17 0.72 1.55 -49273.304155461 -6158.266928679
17 0.72 1.60 -49273.072357851 -6158.254564149
17 0.72 1.65 -49272.856193379 -6158.243464486
17 0.72 1.70 -49272.654342546 -6158.233485276
17 0.72 1.75 -49272.465627336 -6158.224500206
17 0.72 1.80 -49272.288991225 -6158.216398589
17 0.74 1.40 -49273.761138011 -6158.292302635
17 0.74 1.45 -49273.497594649 -6158.277295676
17 0.74 1.50 -49273.252474323 -6158.263860500
17 0.74 1.55 -49273.024142275 -6158.251813489
17 0.74 1.60 -49272.811151111 -6158.240994626
17 0.74 1.65 -49272.612213247 -6158.231264163
17 0.74 1.70 -49272.426177890 -6158.222499806
17 0.74 1.75 -49272.252011865 -6158.214594338
17 0.74 1.80 -49272.088783681 -6158.207453596
17 0.76 1.40 -49273.442988484 -6158.273961478
17 0.76 1.45 -49273.201587925 -6158.260874876
17 0.76 1.50 -49272.976654642 -6158.249135734
17 0.76 1.55 -49272.766777435 -6158.238589261
17 0.76 1.60 -49272.570699490 -6158.229100200
17 0.76 1.65 -49272.387296297 -6158.220550132
17 0.76 1.70 -49272.215557269 -6158.212835183
17 0.76 1.75 -49272.054570456 -6158.205864088
17 0.76 1.80 -49271.903509857 -6158.199556520
17 0.78 1.40 -49273.151480547 -6158.257969194
17 0.78 1.45 -49272.929881027 -6158.246528609
17 0.78 1.50 -49272.723059930 -6158.236246406
17 0.78 1.55 -49272.529790122 -6158.226991656
17 0.78 1.60 -49272.348972486 -6158.218649667
17 0.78 1.65 -49272.179618291 -6158.211119795
17 0.78 1.70 -49272.020834541 -6158.204313565
17 0.78 1.75 -49271.871811790 -6158.198153079
17 0.78 1.80 -49271.731814011 -6158.192569645
17 0.80 1.40 -49272.883807875 -6158.243989923
17 0.80 1.45 -49272.679986485 -6158.233964151
17 0.80 1.50 -49272.489474253 -6158.224936858
17 0.80 1.55 -49272.311196604 -6158.216796950
17 0.80 1.60 -49272.144185976 -6158.209446889
17 0.80 1.65 -49271.987567759 -6158.202800899
17 0.80 1.70 -49271.840548606 -6158.196783424
17 0.80 1.75 -49271.702406695 -6158.191327810
17 0.80 1.80 -49271.572483592 -6158.186375169
18 0.66 1.40 -45802.216834009 -7632.899162625
18 0.66 1.45 -45801.921984292 -7632.868152593
18 0.66 1.50 -45801.649969728 -7632.840610463
18 0.66 1.55 -45801.398312277 -7632.816105965
18 0.66 1.60 -45801.164882327 -7632.794266766
18 0.66 1.65 -45800.947845329 -7632.774770164
18 0.66 1.70 -45800.745616099 -7632.757336024
18 0.66 1.75 -45800.556819887 -7632.741720777
18 0.66 1.80 -45800.380259358 -7632.727712309
18 0.68 1.40 -45801.862197300 -7632.861432594
18 0.68 1.45 -45801.594618754 -7632.834635375
18 0.68 1.50 -45801.346935693 -7632.810784187
18 0.68 1.55 -45801.117083613 -7632.789518951
18 0.68 1.60 -45800.903282585 -7632.770527459
18 0.68 1.65 -45800.703993185 -7632.753538582
18 0.68 1.70 -45800.517878977 -7632.738316493
18 0.68 1.75 -45800.343774720 -7632.724655742
18 0.68 1.80 -45800.180659571 -7632.712377065
18 0.70 1.40 -45801.540176884 -7632.828827901
18 0.70 1.45 -45801.296377650 -7632.805609581
18 0.70 1.50 -45801.070025641 -7632.784900580
18 0.70 1.55 -45800.859393407 -7632.766398798
18 0.70 1.60 -45800.662985495 -7632.749841782
18 0.70 1.65 -45800.479502294 -7632.735001167
18 0.70 1.70 -45800.307809428 -7632.721677932
18 0.70 1.75 -45800.146911969 -7632.709698357
18 0.70 1.80 -45799.995932785 -7632.698910567
18 0.72 1.40 -45801.246619527 -7632.800577390
18 0.72 1.45 -45801.023692407 -7632.780407524
18 0.72 1.50 -45800.816163955 -7632.762380589
18 0.72 1.55 -45800.622580975 -7632.746242495
18 0.72 1.60 -45800.441679260 -7632.731772069
18 0.72 1.65 -45800.272354128 -7632.718776492
18 0.72 1.70 -45800.113635602 -7632.707087396
18 0.72 1.75 -45799.964667588 -7632.696557533
18 0.72 1.80 -45799.824690466 -7632.687057916
18 0.74 1.40 -45800.978068466 -7632.776035806
18 0.74 1.45 -45800.773580848 -7632.758469373
18 0.74 1.50 -45800.582767948 -7632.742737704
18 0.74 1.55 -45800.404399608 -7632.728626566
18 0.74 1.60 -45800.237399720 -7632.715949120
18 0.74 1.65 -45800.080822344 -7632.704542164
18 0.74 1.70 -45799.933831676 -7632.694262917
18 0.74 1.75 -45799.795685302 -7632.684986263
18 0.74 1.80 -45799.665720231 -7632.676602388
18 0.76 1.40 -45800.731631141 -7632.754661809
18 0.76 1.45 -45800.543535097 -7632.739324498
18 0.76 1.50 -45800.367653365 -7632.725562115
18 0.76 1.55 -45800.202937347 -7632.713193592
18 0.76 1.60 -45800.048464268 -7632.702060713
18 0.76 1.65 -45799.903417906 -7632.692025011
18 0.76 1.70 -45799.767072473 -7632.682965108
18 0.76 1.75 -45799.638779178 -7632.674774434
18 0.76 1.80 -45799.517955024 -7632.667359271
18 0.78 1.40 -45800.504871441 -7632.736000070
18 0.78 1.45 -45800.331430835 -7632.722576262
18 0.78 1.50 -45800.168958381 -7632.710507759
18 0.78 1.55 -45800.016553639 -7632.699641160
18 0.78 1.60 -45799.873419292 -7632.689842162
18 0.78 1.65 -45799.738845633 -7632.680992999
18 0.78 1.70 -45799.612197623 -7632.672990235
18 0.78 1.75 -45799.492904103 -7632.665742879
18 0.78 1.80 -45799.380448807 -7632.659170748
18 0.80 1.40 -45800.295722593 -7632.719666639
18 0.80 1.45 -45800.135454416 -7632.707889549
18 0.80 1.50 -45799.985082905 -7632.697281686
18 0.80 1.55 -45799.843829006 -7632.687712772
18 0.80 1.60 -45799.710998568 -7632.679068530
18 0.80 1.65 -45799.585969881 -7632.671248555
18 0.80 1.70 -45799.468183278 -7632.664164488
18 0.80 1.75 -45799.357132463 -7632.657738443
18 0.80 1.80 -45799.252357297 -7632.651901658
19 0.66 1.40 -56142.112446721 -9356.165532075
19 0.66 1.45 -56141.754390502 -9356.127078759
19 0.66 1.50 -56141.426232306 -9356.092910626
19 0.66 1.55 -56141.124833285 -9356.062499408
19 0.66 1.60 -56140.847448352 -9356.035387320
19 0.66 1.65 -56140.591669122 -9356.011177125
19 0.66 1.70 -56140.355375627 -9355.989523630
19 0.66 1.75 -56140.136695643 -9355.970126415
19 0.66 1.80 -56139.933970552 -9355.952723623
19 0.68 1.40 -56141.699715339 -9356.121024877
19 0.68 1.45 -56141.375857595 -9356.087522467
19 0.68 1.50 -56141.078330955 -9356.057695890
19 0.68 1.55 -56140.804443352 -9356.031098118
19 0.68 1.60 -56140.551831238 -9356.007341134
19 0.68 1.65 -56140.318412765 -9355.986087663
19 0.68 1.70 -56140.102348338 -9355.967044102
19 0.68 1.75 -56139.902007458 -9355.949954463
19 0.68 1.80 -56139.715940853 -9355.934595215
19 0.70 1.40 -56141.326252637 -9356.082260644
19 0.70 1.45 -56141.032524258 -9356.053003517
19 0.70 1.50 -56140.762068843 -9356.026906854
19 0.70 1.55 -56140.512566303 -9356.003591582
19 0.70 1.60 -56140.281971797 -9355.982728107
19 0.70 1.65 -56140.068477445 -9355.964029436
19 0.70 1.70 -56139.870480121 -9355.947245284
19 0.70 1.75 -56139.686554344 -9355.932157041
19 0.70 1.80 -56139.515429414 -9355.918573460
19 0.72 1.40 -56140.987398803 -9356.048419098
19 0.72 1.45 -56140.720312153 -9356.022810753
19 0.72 1.50 -56140.473863110 -9355.999926049
19 0.72 1.55 -56140.246042768 -9355.979442846
19 0.72 1.60 -56140.035074088 -9355.961080567
19 0.72 1.65 -56139.839380603 -9355.944594462
19 0.72 1.70 -56139.657560032 -9355.929770702
19 0.72 1.75 -56139.488361987 -9355.916422180
19 0.72 1.80 -56139.330669063 -9355.904384904
19 0.74 1.40 -56140.679160975 -9356.018807129
19 0.74 1.45 -56140.435710761 -9355.996342191
19 0.74 1.50 -56140.210615987 -9355.976229833
19 0.74 1.55 -56140.002129622 -9355.958195703
19 0.74 1.60 -56139.808701170 -9355.942000427
19 0.74 1.65 -56139.628950975 -9355.927434821
19 0.74 1.70 -56139.461648488 -9355.914315797
19 0.74 1.75 -56139.305693780 -9355.902482851
19 0.74 1.80 -56139.160101769 -9355.891795054
19 0.76 1.40 -56140.398098653 -9355.992837745
19 0.76 1.45 -56140.175682019 -9355.973087087
19 0.76 1.50 -56139.969635623 -9355.955373111
19 0.76 1.55 -56139.778434276 -9355.939461660
19 0.76 1.60 -56139.600720403 -9355.925148062
19 0.76 1.65 -56139.435282824 -9355.912253137
19 0.76 1.70 -56139.281038696 -9355.900619770
19 0.76 1.75 -56139.137018061 -9355.890109975
19 0.76 1.80 -56139.002350564 -9355.880602372
19 0.78 1.40 -56140.141231677 -9355.970012692
19 0.78 1.45 -56139.937583879 -9355.952611111
19 0.78 1.50 -56139.748572564 -9355.936976686
19 0.78 1.55 -56139.572861705 -9355.922909131
19 0.78 1.60 -56139.409259047 -9355.910233062
19 0.78 1.65 -56139.256698446 -9355.898794659
19 0.78 1.70 -56139.114224737 -9355.888458799
19 0.78 1.75 -56138.980980712 -9355.879106593
19 0.78 1.80 -56138.856195844 -9355.870633268
19 0.80 1.40 -56139.905966385 -9355.949908078
19 0.80 1.45 -56139.719108856 -9355.934544081
19 0.80 1.50 -56139.545368432 -9355.920716775
19 0.80 1.55 -56139.383571347 -9355.908254469
19 0.80 1.60 -56139.232667785 -9355.897006546
19 0.80 1.65 -56139.091717054 -9355.886840668
19 0.80 1.70 -56138.959874809 -9355.877640369
19 0.80 1.75 -56138.836381988 -9355.869302988
19 0.80 1.80 -56138.720555185 -9355.861737889
20 0.66 1.40 -45187.505928327 -11295.180461252
20 0.66 1.45 -45187.229610106 -11295.138235294
20 0.66 1.50 -45186.974219635 -11295.100555144
20 0.66 1.55 -45186.737574078 -11295.066866377
20 0.66 1.60 -45186.517796324 -11295.036689309
20 0.66 1.65 -45186.313266603 -11295.009608338
20 0.66 1.70 -45186.122581278 -11294.985262775
20 0.66 1.75 -45185.944517988 -11294.963338994
20 0.66 1.80 -45185.778006360 -11294.943563721
20 0.68 1.40 -45187.176332181 -11295.129375112
20 0.68 1.45 -45186.924933090 -11295.092644019
20 0.68 1.50 -45186.691873227 -11295.059789393
20 0.68 1.55 -45186.475331787 -11295.030346993
20 0.68 1.60 -45186.273736055 -11295.003914432
20 0.68 1.65 -45186.085721683 -11294.980142336
20 0.68 1.70 -45185.910099135 -11294.958726774
20 0.68 1.75 -45185.745825502 -11294.939402790
20 0.68 1.80 -45185.591980993 -11294.921938898
20 0.70 1.40 -45186.876494212 -11295.084949557
20 0.70 1.45 -45186.646936064 -11295.052903052
20 0.70 1.50 -45186.433558390 -11295.024172762
20 0.70 1.55 -45186.234833632 -11294.998369018
20 0.70 1.60 -45186.049435159 -11294.975153338
20 0.70 1.65 -45185.876204952 -11294.954231127
20 0.70 1.70 -45185.714126500 -11294.935345439
20 0.70 1.75 -45185.562302191 -11294.918271675
20 0.70 1.80 -45185.419934567 -11294.902813060
20 0.72 1.40 -45186.602743956 -11295.046201070
20 0.72 1.45 -45186.392459966 -11295.018161156
20 0.72 1.50 -45186.196545229 -11294.992967345
20 0.72 1.55 -45186.013709323 -11294.970291640
20 0.72 1.60 -45185.842824506 -11294.949848436
20 0.72 1.65 -45185.682899642 -11294.931388504
20 0.72 1.70 -45185.533058461 -11294.914693878
20 0.72 1.75 -45185.392521547 -11294.899573501
20 0.72 1.80 -45185.260591457 -11294.885859527
20 0.74 1.40 -45186.352020905 -11295.012306923
20 0.74 1.45 -45186.158857205 -11294.987704841
20 0.74 1.50 -45185.978532185 -11294.965553256
20 0.74 1.55 -45185.809947193 -11294.945575218
20 0.74 1.60 -45185.652135492 -11294.927528934
20 0.74 1.65 -45185.504241359 -11294.911202832
20 0.74 1.70 -45185.365502769 -11294.896411368
20 0.74 1.75 -45185.235237093 -11294.882991458
20 0.74 1.80 -45185.112829321 -11294.870799443
20 0.76 1.40 -45186.121756366 -11294.982577106
20 0.76 1.45 -45185.943892129 -11294.960934344
20 0.76 1.50 -45185.777562723 -11294.941408114
20 0.76 1.55 -45185.621824883 -11294.923763787
20 0.76 1.60 -45185.475842673 -11294.907795955
20 0.76 1.65 -45185.338870838 -11294.893324391
20 0.76 1.70 -45185.210241053 -11294.880190605
20 0.76 1.75 -45185.089350603 -11294.868254920
20 0.76 1.80 -45184.975653067 -11294.857393980
20 0.78 1.40 -45185.909777896 -11294.956431205
20 0.78 1.45 -45185.745661110 -11294.937343889
20 0.78 1.50 -45185.591958905 -11294.920090226
20 0.78 1.55 -45185.447854408 -11294.904470756
20 0.78 1.60 -45185.312618544 -11294.890310377
20 0.78 1.65 -45185.185596808 -11294.877455036
20 0.78 1.70 -45185.066198382 -11294.865768900
20 0.78 1.75 -45184.953887163 -11294.855131954
20 0.78 1.80 -45184.848174396 -11294.845437946
20 0.80 1.40 -45185.714232656 -11294.933379422
20 0.80 1.45 -45185.562528894 -11294.916505517
20 0.80 1.50 -45185.420268783 -11294.901224831
20 0.80 1.55 -45185.286738862 -11294.887367211
20 0.80 1.60 -45185.161297988 -11294.874782885
20 0.80 1.65 -45185.043366858 -11294.863339734
20 0.80 1.70 -45184.932419378 -11294.852920972
20 0.80 1.75 -45184.827975558 -11294.843423163
20 0.80 1.80 -45184.729595647 -11294.834754521
21 0.66 1.40 -12271.192260807 -6134.349286967
21 0.66 1.45 -12271.120180632 -6134.332007284
21 0.66 1.50 -12271.053766711 -6134.316688138
21 0.66 1.55 -12270.992468156 -6134.303083204
21 0.66 1.60 -12270.935799582 -6134.290979890
21 0.66 1.65 -12270.883330953 -6134.280194389
21 0.66 1.70 -12270.834679440 -6134.270567472
21 0.66 1.75 -12270.789502860 -6134.261960941
21 0.66 1.80 -12270.747494365 -6134.254254612
21 0.68 1.40 -12271.108633866 -6134.329112465
21 0.68 1.45 -12271.043111391 -6134.314122883
21 0.68 1.50 -12270.982616712 -6134.300805695
21 0.68 1.55 -12270.926675137 -6134.288954134
21 0.68 1.60 -12270.874865667 -6134.278389339
21 0.68 1.65 -12270.826813164 -6134.268956290
21 0.68 1.70 -12270.782182047 -6134.260520375
21 0.68 1.75 -12270.740671179 -6134.252964474
21 0.68 1.80 -12270.702009680 -6134.246186504
21 0.70 1.40 -12271.032615082 -6134.311619812
21 0.70 1.45 -12270.972908583 -6134.298582438
21 0.70 1.50 -12270.917680238 -6134.286975813
21 0.70 1.55 -12270.866517788 -6134.276625852
21 0.70 1.60 -12270.819053551 -6134.267381599
21 0.70 1.65 -12270.774958353 -6134.259111910
21 0.70 1.70 -12270.733936610 -6134.251702632
21 0.70 1.75 -12270.695722288 -6134.245054220
21 0.70 1.80 -12270.660075551 -6134.239079713
21 0.72 1.40 -12270.963340723 -6134.296411797
21 0.72 1.45 -12270.908812207 -6134.285043522
21 0.72 1.50 -12270.858284958 -6134.274902716
21 0.72 1.55 -12270.811398518 -6134.265842355
21 0.72 1.60 -12270.767829933 -6134.257734644
21 0.72 1.65 -12270.727289015 -6134.250468302
21 0.72 1.70 -12270.689514451 -6134.243946242
21 0.72 1.75 -12270.654270558 -6134.238083617
21 0.72 1.80 -12270.621344537 -6134.232806150
21 0.74 1.40 -12270.900068446 -6134.283155905
21 0.74 1.45 -12270.850164885 -6134.273218765
21 0.74 1.50 -12270.803846036 -6134.264337547
21 0.74 1.55 -12270.760794985 -6134.256387703
21 0.74 1.60 -12270.720726794 -6134.249260725
21 0.74 1.65 -12270.683384744 -6134.242861910
21 0.74 1.70 -12270.648537201 -6134.237108459
21 0.74 1.75 -12270.615974955 -6134.231927860
21 0.74 1.80 -12270.585508921 -6134.227256504
21 0.76 1.40 -12270.842155339 -6134.271572870
21 0.76 1.45 -12270.796394131 -6134.262866202
21 0.76 1.50 -12270.753851758 -6134.255070242
21 0.76 1.55 -12270.714248386 -6134.248079169
21 0.76 1.60 -12270.677331774 -6134.241800587
21 0.76 1.65 -12270.642874237 -6134.236153682
21 0.76 1.70 -12270.610670066 -6134.231067654
21 0.76 1.75 -12270.580533294 -6134.226480374
21 0.76 1.80 -12270.552295731 -6134.222337239
21 0.78 1.40 -12270.789040883 -6134.261427380
21 0.78 1.45 -12270.746998545 -6134.253781446
21 0.78 1.50 -12270.707852273 -6134.246922925
21 0.78 1.55 -12270.671354187 -6134.240761656
21 0.78 1.60 -12270.637280453 -6134.235218749
21 0.78 1.65 -12270.605428784 -6134.230225064
21 0.78 1.70 -12270.575616257 -6134.225719908
21 0.78 1.75 -12270.547677404 -6134.221649920
21 0.78 1.80 -12270.521462492 -6134.217968119
21 0.80 1.40 -12270.740233685 -6134.252520527
21 0.80 1.45 -12270.701536973 -6134.245791309
21 0.80 1.50 -12270.665450659 -6134.239744521
21 0.80 1.55 -12270.631754668 -6134.234303139
21 0.80 1.60 -12270.600250049 -6134.229399634
21 0.80 1.65 -12270.570756859 -6134.224974705
21 0.80 1.70 -12270.543112290 -6134.220976201
21 0.80 1.75 -12270.517168990 -6134.217358187
21 0.80 1.80 -12270.492793551 -6134.214080148
22 0.66 1.40 -12385.446114869 -12384.222665115
22 0.66 1.45 -12385.312225083 -12384.118723551
22 0.66 1.50 -12385.190142482 -12384.025535082
22 0.66 1.55 -12385.078618670 -12383.941868279
22 0.66 1.60 -12384.976549618 -12383.866645091
22 0.66 1.65 -12384.882958096 -12383.798920462
22 0.66 1.70 -12384.796978423 -12383.737864732
22 0.66 1.75 -12384.717843183 -12383.682748483
22 0.66 1.80 -12384.644871628 -12383.632929491
22 0.68 1.40 -12385.286942290 -12384.098023739
22 0.68 1.45 -12385.167055041 -12384.006965983
22 0.68 1.50 -12385.057496171 -12383.925188375
22 0.68 1.55 -12384.957188333 -12383.851642512
22 0.68 1.60 -12384.865177694 -12383.785409092
22 0.68 1.65 -12384.780619127 -12383.725680853
22 0.68 1.70 -12384.702763312 -12383.671747883
22 0.68 1.75 -12384.630945446 -12383.622984970
22 0.68 1.80 -12384.564575343 -12383.578840719
22 0.70 1.40 -12385.144397800 -12383.988843376
22 0.70 1.45 -12385.036758959 -12383.908904736
22 0.70 1.50 -12384.938172636 -12383.836992068
22 0.70 1.55 -12384.847707746 -12383.772211034
22 0.70 1.60 -12384.764539160 -12383.713776086
22 0.70 1.65 -12384.687935168 -12383.660996227
22 0.70 1.70 -12384.617246499 -12383.613262750
22 0.70 1.75 -12384.551896670 -12383.570038683
22 0.70 1.80 -12384.491373484 -12383.530849674
22 0.72 1.40 -12385.016397847 -12383.893006382
22 0.72 1.45 -12384.919494410 -12383.822684104
22 0.72 1.50 -12384.830541070 -12383.759317784
22 0.72 1.55 -12384.748732160 -12383.702142931
22 0.72 1.60 -12384.673353114 -12383.650486893
22 0.72 1.65 -12384.603769784 -12383.603756978
22 0.72 1.70 -12384.539419039 -12383.561430211
22 0.72 1.75 -12384.479800468 -12383.523044494
22 0.72 1.80 -12384.424469058 -12383.488190962
22 0.74 1.40 -12384.901145765 -12383.808709260
22 0.74 1.45 -12384.813670686 -12383.746721097
22 0.74 1.50 -12384.733191944 -12383.690774114
22 0.74 1.55 -12384.659011668 -12383.640213458
22 0.74 1.60 -12384.590510438 -12383.594461976
22 0.74 1.65 -12384.527138129 -12383.553010279
22 0.74 1.70 -12384.468405814 -12383.515408166
22 0.74 1.75 -12384.413878622 -12383.481257202
22 0.74 1.80 -12384.363169402 -12383.450204291
22 0.76 1.40 -12384.797089806 -12383.734412982
22 0.76 1.45 -12384.717912498 -12383.679662584
22 0.76 1.50 -12384.644905496 -12383.630169693
22 0.76 1.55 -12384.577463728 -12383.585372233
22 0.76 1.60 -12384.515049736 -12383.544774008
22 0.76 1.65 -12384.457185785 -12383.507936365
22 0.76 1.70 -12384.403446882 -12383.474471004
22 0.76 1.75 -12384.353454598 -12383.444033718
22 0.76 1.80 -12384.306871609 -12383.416318981
22 0.78 1.40 -12384.702887974 -12383.668801502
22 0.78 1.45 -12384.631029412 -12383.620349553
22 0.78 1.50 -12384.564625049 -12383.576482404
22 0.78 1.55 -12384.503149771 -12383.536716662
22 0.78 1.60 -12384.446136744 -12383.500624896
22 0.78 1.65 -12384.393170599 -12383.467828642
22 0.78 1.70 -12384.343881408 -12383.437992336
22 0.78 1.75 -12384.297939342 -12383.410818047
22 0.78 1.80 -12384.255049961 -12383.386040886
22 0.80 1.40 -12384.617378368 -12383.610747176
22 0.80 1.45 -12384.551989921 -12383.567787301
22 0.80 1.50 -12384.491434252 -12383.528833648
22 0.80 1.55 -12384.435255149 -12383.493469683
22 0.80 1.60 -12384.383046622 -12383.461326500
22 0.80 1.65 -12384.334447020 -12383.432076932
22 0.80 1.70 -12384.289133819 -12383.405430426
22 0.80 1.75 -12384.246819022 -12383.381128590
22 0.80 1.80 -12384.207245104 -12383.358941316
23 0.66 1.40 -99568.808899028 -12444.459918162
23 0.66 1.45 -99568.214619561 -12444.416158161
23 0.66 1.50 -99567.665681532 -12444.377004273
23 0.66 1.55 -99567.157728634 -12444.341916924
23 0.66 1.60 -99566.686932499 -12444.310424873
23 0.66 1.65 -99566.249915991 -12444.282116073
23 0.66 1.70 -99565.843687839 -12444.256629800
23 0.66 1.75 -99565.465587319 -12444.233649860
23 0.66 1.80 -99565.113237729 -12444.212898753
23 0.68 1.40 -99568.117760723 -12444.408295282
23 0.68 1.45 -99567.576230440 -12444.369974533
23 0.68 1.50 -99567.074938959 -12444.335622086
23 0.68 1.55 -99566.610155284 -12444.304779334
23 0.68 1.60 -99566.178584570 -12444.277045110
23 0.68 1.65 -99565.777305160 -12444.252068072
23 0.68 1.70 -99565.403715334 -12444.229540144
23 0.68 1.75 -99565.055488541 -12444.209190852
23 0.68 1.80 -99564.730535954 -12444.190782439
23 0.70 1.40 -99567.488263984 -12444.363121770
23 0.70 1.45 -99566.993482923 -12444.329483388
23 0.70 1.50 -99566.534580959 -12444.299271775
23 0.70 1.55 -99566.108342338 -12444.272096269
23 0.70 1.60 -99565.711912335 -12444.247614598
23 0.70 1.65 -99565.342745990 -12444.225526532
23 0.70 1.70 -99564.998565028 -12444.205568395
23 0.70 1.75 -99564.677321843 -12444.187508333
23 0.70 1.80 -99564.377169463 -12444.171142217
23 0.72 1.40 -99566.913327723 -12444.323496045
23 0.72 1.45 -99566.460181181 -12444.293898018
23 0.72 1.50 -99566.039164701 -12444.267265899
23 0.72 1.55 -99565.647487922 -12444.243266181
23 0.72 1.60 -99565.282660495 -12444.221606219
23 0.72 1.65 -99564.942450630 -12444.202028918
23 0.72 1.70 -99564.624850458 -12444.184308136
23 0.72 1.75 -99564.328047138 -12444.168244715
23 0.72 1.80 -99564.050398777 -12444.153663045
23 0.74 1.40 -99566.386928635 -12444.288654035
23 0.74 1.45 -99565.971027929 -12444.262550476
23 0.74 1.50 -99565.584011203 -12444.239019732
23 0.74 1.55 -99565.223440665 -12444.217776498
23 0.74 1.60 -99564.887129301 -12444.198570042
23 0.74 1.65 -99564.573107557 -12444.181179755
23 0.74 1.70 -99564.279595549 -12444.165411294
23 0.74 1.75 -99564.004979901 -12444.151093245
23 0.74 1.80 -99563.747794361 -12444.138074225
23 0.76 1.40 -99565.903909115 -12444.257946597
23 0.76 1.45 -99565.521462150 -12444.234872272
23 0.76 1.50 -99565.165068895 -12444.214034752
23 0.76 1.55 -99564.832585480 -12444.195189468
23 0.76 1.60 -99564.522079308 -12444.178121166
23 0.76 1.65 -99564.231802333 -12444.162640169
23 0.76 1.70 -99563.960168771 -12444.148579130
23 0.76 1.75 -99563.705736438 -12444.135790218
23 0.76 1.80 -99563.467191034 -12444.124142676
23 0.78 1.40 -99565.459821395 -12444.230820919
23 0.78 1.45 -99565.107528134 -12444.210378452
23 0.78 1.50 -99564.778804068 -12444.191884971
23 0.78 1.55 -99564.471752268 -12444.175130412
23 0.78 1.60 -99564.184655456 -12444.159929615
23 0.78 1.65 -99563.915954558 -12444.146119176
23 0.78 1.70 -99563.664230732 -12444.133554709
23 0.78 1.75 -99563.428190210 -12444.122108470
23 0.78 1.80 -99563.206651405 -12444.111667293
23 0.80 1.40 -99565.050801857 -12444.206805154
23 0.80 1.45 -99564.725770414 -12444.188654404
23 0.80 1.50 -99564.422113372 -12444.172205600
23 0.80 1.55 -99564.138143204 -12444.157277962
23 0.80 1.60 -99563.872326707 -12444.143711909
23 0.80 1.65 -99563.623267686 -12444.131366395
23 0.80 1.70 -99563.389692338 -12444.120116599
23 0.80 1.75 -99563.170436780 -12444.109851914
23 0.80 1.80 -99562.964436307 -12444.100474203
