01 0.73 1.58 -20908.201499826 -10453.085185685
01 0.73 1.60 -20908.163237289 -10453.074858678
01 0.73 1.62 -20908.126060274 -10453.064934020
01 0.73 1.64 -20908.089930643 -10453.055393931
01 0.73 1.66 -20908.054811878 -10453.046221511
01 0.73 1.68 -20908.020668999 -10453.037400690
01 0.73 1.70 -20907.987468485 -10453.028916183
01 0.73 1.72 -20907.955178200 -10453.020753451
01 0.73 1.74 -20907.923767322 -10453.012898657
01 0.73 1.76 -20907.893206280 -10453.005338634
01 0.73 1.78 -20907.863466689 -10452.998060844
01 0.73 1.80 -20907.834521296 -10452.991053351
01 0.74 1.58 -20908.144383770 -10453.069694588
01 0.74 1.60 -20908.107741475 -10453.059972167
01 0.74 1.62 -20908.072127669 -10453.050625347
01 0.74 1.64 -20908.037506649 -10453.041637671
01 0.74 1.66 -20908.003844202 -10453.032993490
01 0.74 1.68 -20907.971107536 -10453.024677916
01 0.74 1.70 -20907.939265206 -10453.016676785
01 0.74 1.72 -20907.908287047 -10453.008976617
01 0.74 1.74 -20907.878144108 -10453.001564582
01 0.74 1.76 -20907.848808598 -10452.994428461
01 0.74 1.78 -20907.820253825 -10452.987556619
01 0.74 1.80 -20907.792454146 -10452.980937972
01 0.75 1.58 -20908.089692699 -10453.055114311
01 0.75 1.60 -20908.054585135 -10453.045956137
01 0.75 1.62 -20908.020452690 -10453.037148811
01 0.75 1.64 -20907.987261900 -10453.028677092
01 0.75 1.66 -20907.954980680 -10453.020526477
01 0.75 1.68 -20907.923578257 -10453.012683169
01 0.75 1.70 -20907.893025102 -10453.005134032
01 0.75 1.72 -20907.863292872 -10452.997866562
01 0.75 1.74 -20907.834354349 -10452.990868853
01 0.75 1.76 -20907.806183390 -10452.984129562
01 0.75 1.78 -20907.778754870 -10452.977637882
01 0.75 1.80 -20907.752044641 -10452.971383514
01 0.76 1.58 -20908.037298073 -10453.041383870
01 0.76 1.60 -20908.003645253 -10453.032752620
01 0.76 1.62 -20907.970917551 -10453.024449299
01 0.76 1.64 -20907.939083570 -10453.016459779
01 0.76 1.66 -20907.908113190 -10453.008770615
01 0.76 1.68 -20907.877977502 -10453.001369010
01 0.76 1.70 -20907.848648750 -10452.994242777
01 0.76 1.72 -20907.820100278 -10452.987380309
01 0.76 1.74 -20907.792306474 -10452.980770549
01 0.76 1.76 -20907.765242721 -10452.974402960
01 0.76 1.78 -20907.738885352 -10452.968267499
01 0.76 1.80 -20907.713211608 -10452.962354592
01 0.77 1.58 -20907.987079707 -10453.028446853
01 0.77 1.60 -20907.954806723 -10453.020307976
01 0.77 1.62 -20907.923411963 -10453.012475789
01 0.77 1.64 -20907.892865941 -10453.004937193
01 0.77 1.66 -20907.863140350 -10452.997679714
01 0.77 1.68 -20907.834208009 -10452.990691476
01 0.77 1.70 -20907.806042804 -10452.983961162
01 0.77 1.72 -20907.778619642 -10452.977477993
01 0.77 1.74 -20907.751914401 -10452.971231695
01 0.77 1.76 -20907.725903884 -10452.965212474
01 0.77 1.78 -20907.700565779 -10452.959410988
01 0.77 1.80 -20907.675878617 -10452.953818331
02 0.73 1.58 -24956.905911666 -6238.423022638
02 0.73 1.60 -24956.873214057 -6238.419989356
02 0.73 1.62 -24956.841351903 -6238.417084484
02 0.73 1.64 -24956.810299179 -6238.414301943
02 0.73 1.66 -24956.780030993 -6238.411635971
02 0.73 1.68 -24956.750523516 -6238.409081103
02 0.73 1.70 -24956.721753911 -6238.406632156
02 0.73 1.72 -24956.693700265 -6238.404284213
02 0.73 1.74 -24956.666341539 -6238.402032607
02 0.73 1.76 -24956.639657502 -6238.399872909
02 0.73 1.78 -24956.613628693 -6238.397800913
02 0.73 1.80 -24956.588236365 -6238.395812624
02 0.74 1.58 -24956.858527901 -6238.418645567
02 0.74 1.60 -24956.827032993 -6238.415797605
02 0.74 1.62 -24956.796336375 -6238.413069268
02 0.74 1.64 -24956.766413640 -6238.410454936
02 0.74 1.66 -24956.737241408 -6238.407949278
02 0.74 1.68 -24956.708797259 -6238.405547237
02 0.74 1.70 -24956.681059675 -6238.403244014
02 0.74 1.72 -24956.654007979 -6238.401035056
02 0.74 1.74 -24956.627622286 -6238.398916039
02 0.74 1.76 -24956.601883454 -6238.396882857
02 0.74 1.78 -24956.576773037 -6238.394931610
02 0.74 1.80 -24956.552273250 -6238.393058593
02 0.75 1.58 -24956.812882939 -6238.414537011
02 0.75 1.60 -24956.782537451 -6238.411861625
02 0.75 1.62 -24956.752955405 -6238.409297746
02 0.75 1.64 -24956.724113854 -6238.406840173
02 0.75 1.66 -24956.695990786 -6238.404483971
02 0.75 1.68 -24956.668565059 -6238.402224458
02 0.75 1.70 -24956.641816352 -6238.400057189
02 0.75 1.72 -24956.615725110 -6238.397977943
02 0.75 1.74 -24956.590272503 -6238.395982712
02 0.75 1.76 -24956.565440378 -6238.394067688
02 0.75 1.78 -24956.541211224 -6238.392229253
02 0.75 1.80 -24956.517568136 -6238.390463967
02 0.76 1.58 -24956.768900107 -6238.410678413
02 0.76 1.60 -24956.739654086 -6238.408163831
02 0.76 1.62 -24956.711138747 -6238.405753248
02 0.76 1.64 -24956.683332467 -6238.403441848
02 0.76 1.66 -24956.656214472 -6238.401225060
02 0.76 1.68 -24956.629764785 -6238.399098547
02 0.76 1.70 -24956.603964171 -6238.397058187
02 0.76 1.72 -24956.578794102 -6238.395100067
02 0.76 1.74 -24956.554236710 -6238.393220468
02 0.76 1.76 -24956.530274749 -6238.391415856
02 0.76 1.78 -24956.506891569 -6238.389682873
02 0.76 1.80 -24956.484071072 -6238.388018325
02 0.77 1.58 -24956.726507531 -6238.407052639
02 0.77 1.60 -24956.698314020 -6238.404687980
02 0.77 1.62 -24956.670820318 -6238.402420370
02 0.77 1.64 -24956.644006008 -6238.400245350
02 0.77 1.66 -24956.617851441 -6238.398158683
02 0.77 1.68 -24956.592337698 -6238.396156346
02 0.77 1.70 -24956.567446542 -6238.394234517
02 0.77 1.72 -24956.543160380 -6238.392389566
02 0.77 1.74 -24956.519462228 -6238.390618040
02 0.77 1.76 -24956.496335679 -6238.388916658
02 0.77 1.78 -24956.473764870 -6238.387282301
02 0.77 1.80 -24956.451734456 -6238.385712001
03 0.73 1.58 -21277.832573993 -10638.182951639
03 0.73 1.60 -21277.770054773 -10638.160976752
03 0.73 1.62 -21277.709428454 -10638.139832740
03 0.73 1.64 -21277.650622783 -10638.119484072
03 0.73 1.66 -21277.593568792 -10638.099896916
03 0.73 1.68 -21277.538200632 -10638.081039059
03 0.73 1.70 -21277.484455414 -10638.062879813
03 0.73 1.72 -21277.432273055 -10638.045389936
03 0.73 1.74 -21277.381596138 -10638.028541563
03 0.73 1.76 -21277.332369778 -10638.012308126
03 0.73 1.78 -21277.284541493 -10637.996664292
03 0.73 1.80 -21277.238061083 -10637.981585897
03 0.74 1.58 -21277.737795116 -10638.149792383
03 0.74 1.60 -21277.678144924 -10638.129072722
03 0.74 1.62 -21277.620278001 -10638.109130264
03 0.74 1.64 -21277.564127088 -10638.089932044
03 0.74 1.66 -21277.509627959 -10638.071446668
03 0.74 1.68 -21277.456719262 -10638.053644223
03 0.74 1.70 -21277.405342374 -10638.036496207
03 0.74 1.72 -21277.355441264 -10638.019975449
03 0.74 1.74 -21277.306962361 -10638.004056046
03 0.74 1.76 -21277.259854430 -10637.988713291
03 0.74 1.78 -21277.214068457 -10637.973923618
03 0.74 1.80 -21277.169557536 -10637.959664538
03 0.75 1.58 -21277.647370865 -10638.118533142
03 0.75 1.60 -21277.590423112 -10638.098987468
03 0.75 1.62 -21277.535156601 -10638.080169206
03 0.75 1.64 -21277.481508679 -10638.062047755
03 0.75 1.66 -21277.429419490 -10638.044593960
03 0.75 1.68 -21277.378831829 -10638.027780033
03 0.75 1.70 -21277.329691009 -10638.011579482
03 0.75 1.72 -21277.281944738 -10637.995967047
03 0.75 1.74 -21277.235542993 -10637.980918633
03 0.75 1.76 -21277.190437913 -10637.966411251
03 0.75 1.78 -21277.146583683 -10637.952422963
03 0.75 1.80 -21277.103936443 -10637.938932830
03 0.76 1.58 -21277.561047746 -10638.089050710
03 0.76 1.60 -21277.506647439 -10638.070603661
03 0.76 1.62 -21277.453833357 -10638.052837805
03 0.76 1.64 -21277.402547094 -10638.035724720
03 0.76 1.66 -21277.352732823 -10638.019237312
03 0.76 1.68 -21277.304337167 -10638.003349750
03 0.76 1.70 -21277.257309071 -10637.988037399
03 0.76 1.72 -21277.211599695 -10637.973276756
03 0.76 1.74 -21277.167162292 -10637.959045399
03 0.76 1.76 -21277.123952116 -10637.945321922
03 0.76 1.78 -21277.081926311 -10637.932085894
03 0.76 1.80 -21277.041043829 -10637.919317802
03 0.77 1.58 -21277.478589971 -10638.061230797
03 0.77 1.60 -21277.426592802 -10638.043812422
03 0.77 1.62 -21277.376093303 -10638.027032311
03 0.77 1.64 -21277.327036984 -10638.010864048
03 0.77 1.66 -21277.279371739 -10637.995282442
03 0.77 1.68 -21277.233047721 -10637.980263465
03 0.77 1.70 -21277.188017231 -10637.965784194
03 0.77 1.72 -21277.144234616 -10637.951822752
03 0.77 1.74 -21277.101656157 -10637.938358256
03 0.77 1.76 -21277.060239984 -10637.925370766
03 0.77 1.78 -21277.019945979 -10637.912841239
03 0.77 1.80 -21276.980735691 -10637.900751485
04 0.73 1.58 -6162.031245900 -1540.111434987
04 0.73 1.60 -6162.020234613 -1540.111003508
04 0.73 1.62 -6162.009483769 -1540.110591775
04 0.73 1.64 -6161.998986639 -1540.110198755
04 0.73 1.66 -6161.988736745 -1540.109823477
04 0.73 1.68 -6161.978727839 -1540.109465027
04 0.73 1.70 -6161.968953886 -1540.109122541
04 0.73 1.72 -6161.959409052 -1540.108795207
04 0.73 1.74 -6161.950087690 -1540.108482259
04 0.73 1.76 -6161.940984326 -1540.108182973
04 0.73 1.78 -6161.932093649 -1540.107896668
04 0.73 1.80 -6161.923410504 -1540.107622700
04 0.74 1.58 -6162.015509601 -1540.110821888
04 0.74 1.60 -6162.004871472 -1540.110418424
04 0.74 1.62 -6161.994484099 -1540.110033245
04 0.74 1.64 -6161.984341114 -1540.109665402
04 0.74 1.66 -6161.974436369 -1540.109314004
04 0.74 1.68 -6161.964763926 -1540.108978212
04 0.74 1.70 -6161.955318038 -1540.108657232
04 0.74 1.72 -6161.946093140 -1540.108350319
04 0.74 1.74 -6161.937083837 -1540.108056766
04 0.74 1.76 -6161.928284891 -1540.107775909
04 0.74 1.78 -6161.919691214 -1540.107507120
04 0.74 1.80 -6161.911297860 -1540.107249805
04 0.75 1.58 -6162.000308060 -1540.110248539
04 0.75 1.60 -6161.990029145 -1540.109871020
04 0.75 1.62 -6161.979991816 -1540.109510443
04 0.75 1.64 -6161.970190025 -1540.109165940
04 0.75 1.66 -6161.960617926 -1540.108836691
04 0.75 1.68 -6161.951269857 -1540.108521924
04 0.75 1.70 -6161.942140334 -1540.108220911
04 0.75 1.72 -6161.933224037 -1540.107932965
04 0.75 1.74 -6161.924515798 -1540.107657437
04 0.75 1.76 -6161.916010596 -1540.107393714
04 0.75 1.78 -6161.907703550 -1540.107141217
04 0.75 1.80 -6161.899589904 -1540.106899400
04 0.76 1.58 -6161.985621204 -1540.109712006
04 0.76 1.60 -6161.975688300 -1540.109358531
04 0.76 1.62 -6161.965988276 -1540.109020766
04 0.76 1.64 -6161.956515373 -1540.108697914
04 0.76 1.66 -6161.947264015 -1540.108389222
04 0.76 1.68 -6161.938228793 -1540.108093980
04 0.76 1.70 -6161.929404460 -1540.107811518
04 0.76 1.72 -6161.920785920 -1540.107541202
04 0.76 1.74 -6161.912368215 -1540.107282436
04 0.76 1.76 -6161.904146525 -1540.107034654
04 0.76 1.78 -6161.896116155 -1540.106797323
04 0.76 1.80 -6161.888272531 -1540.106569938
04 0.77 1.58 -6161.971430027 -1540.109209596
04 0.77 1.60 -6161.961830600 -1540.108878419
04 0.77 1.62 -6161.952455765 -1540.108561821
04 0.77 1.64 -6161.943300023 -1540.108259070
04 0.77 1.66 -6161.934358044 -1540.107969472
04 0.77 1.68 -6161.925624651 -1540.107692373
04 0.77 1.70 -6161.917094814 -1540.107427157
04 0.77 1.72 -6161.908763641 -1540.107173240
04 0.77 1.74 -6161.900626369 -1540.106930072
04 0.77 1.76 -6161.892678361 -1540.106697131
04 0.77 1.78 -6161.884915098 -1540.106473925
04 0.77 1.80 -6161.877332172 -1540.106259989
05 0.73 1.58 -29377.217788183 -14687.317429917
05 0.73 1.60 -29377.148778470 -14687.298076534
05 0.73 1.62 -29377.081641629 -14687.279444324
05 0.73 1.64 -29377.016312281 -14687.261501985
05 0.73 1.66 -29376.952727991 -14687.244219775
05 0.73 1.68 -29376.890829097 -14687.227569433
05 0.73 1.70 -29376.830558559 -14687.211524087
05 0.73 1.72 -29376.771861814 -14687.196058184
05 0.73 1.74 -29376.714686641 -14687.181147409
05 0.73 1.76 -29376.658983031 -14687.166768621
05 0.73 1.78 -29376.604703071 -14687.152899787
05 0.73 1.80 -29376.551800833 -14687.139519922
05 0.74 1.58 -29377.110004900 -14687.286624689
05 0.74 1.60 -29377.043912801 -14687.268417802
05 0.74 1.62 -29376.979591885 -14687.250882403
05 0.74 1.64 -29376.916981353 -14687.233989668
05 0.74 1.66 -29376.856023088 -14687.217712197
05 0.74 1.68 -29376.796661509 -14687.202023933
05 0.74 1.70 -29376.738843429 -14687.186900091
05 0.74 1.72 -29376.682517926 -14687.172317082
05 0.74 1.74 -29376.627636221 -14687.158252453
05 0.74 1.76 -29376.574151565 -14687.144684817
05 0.74 1.78 -29376.522019131 -14687.131593804
05 0.74 1.80 -29376.471195911 -14687.118959999
05 0.75 1.58 -29377.006770357 -14687.257644263
05 0.75 1.60 -29376.943437590 -14687.240504918
05 0.75 1.62 -29376.881781448 -14687.223991309
05 0.75 1.64 -29376.821745310 -14687.208076869
05 0.75 1.66 -29376.763275000 -14687.192736327
05 0.75 1.68 -29376.706318664 -14687.177945640
05 0.75 1.70 -29376.650826637 -14687.163681920
05 0.75 1.72 -29376.596751330 -14687.149923376
05 0.75 1.74 -29376.544047119 -14687.136649250
05 0.75 1.76 -29376.492670242 -14687.123839761
05 0.75 1.78 -29376.442578703 -14687.111476056
05 0.75 1.80 -29376.393732180 -14687.099540157
05 0.76 1.58 -29376.907838004 -14687.230363030
05 0.76 1.60 -29376.847117401 -14687.214218519
05 0.76 1.62 -29376.787985369 -14687.198657572
05 0.76 1.64 -29376.730389098 -14687.183655679
05 0.76 1.66 -29376.674278017 -14687.169189510
05 0.76 1.68 -29376.619603679 -14687.155236857
05 0.76 1.70 -29376.566319647 -14687.141776567
05 0.76 1.72 -29376.514381385 -14687.128788487
05 0.76 1.74 -29376.463746164 -14687.116253410
05 0.76 1.76 -29376.414372966 -14687.104153025
05 0.76 1.78 -29376.366222398 -14687.092469866
05 0.76 1.80 -29376.319256610 -14687.081187272
05 0.77 1.58 -29376.812978625 -14687.204665312
05 0.77 1.60 -29376.754733150 -14687.189448613
05 0.77 1.62 -29376.697994126 -14687.174776568
05 0.77 1.64 -29376.642712228 -14687.160626542
05 0.77 1.66 -29376.588840186 -14687.146976978
05 0.77 1.68 -29376.536332676 -14687.133807343
05 0.77 1.70 -29376.485146220 -14687.121098068
05 0.77 1.72 -29376.435239086 -14687.108830499
05 0.77 1.74 -29376.386571206 -14687.096986850
05 0.77 1.76 -29376.339104085 -14687.085550151
05 0.77 1.78 -29376.292800730 -14687.074504211
05 0.77 1.80 -29376.247625567 -14687.063833575
06 0.73 1.58 -25292.054806728 -6322.401128710
06 0.73 1.60 -25291.997172671 -6322.394086219
06 0.73 1.62 -25291.941111291 -6322.387324633
06 0.73 1.64 -25291.886569092 -6322.380831275
06 0.73 1.66 -25291.833494916 -6322.374594110
06 0.73 1.68 -25291.781839802 -6322.368601709
06 0.73 1.70 -25291.731556864 -6322.362843214
06 0.73 1.72 -25291.682601169 -6322.357308308
06 0.73 1.74 -25291.634929629 -6322.351987181
06 0.73 1.76 -25291.588500896 -6322.346870508
06 0.73 1.78 -25291.543275268 -6322.341949416
06 0.73 1.80 -25291.499214599 -6322.337215465
06 0.74 1.58 -25291.965734244 -6322.390102015
06 0.74 1.60 -25291.910523784 -6322.383499546
06 0.74 1.62 -25291.856803641 -6322.377158122
06 0.74 1.64 -25291.804523922 -6322.371066071
06 0.74 1.66 -25291.753636859 -6322.365212308
06 0.74 1.68 -25291.704096688 -6322.359586297
06 0.74 1.70 -25291.655859533 -6322.354178026
06 0.74 1.72 -25291.608883302 -6322.348977976
06 0.74 1.74 -25291.563127590 -6322.343977092
06 0.74 1.76 -25291.518553583 -6322.339166760
06 0.74 1.78 -25291.475123977 -6322.334538783
06 0.74 1.80 -25291.432802895 -6322.330085357
06 0.75 1.58 -25291.880399683 -6322.379765471
06 0.75 1.60 -25291.827485932 -6322.373571872
06 0.75 1.62 -25291.775985697 -6322.367621033
06 0.75 1.64 -25291.725852360 -6322.361902201
06 0.75 1.66 -25291.677041240 -6322.356405153
06 0.75 1.68 -25291.629509485 -6322.351120171
06 0.75 1.70 -25291.583215966 -6322.346038015
06 0.75 1.72 -25291.538121188 -6322.341149894
06 0.75 1.74 -25291.494187198 -6322.336447443
06 0.75 1.76 -25291.451377506 -6322.331922701
06 0.75 1.78 -25291.409657006 -6322.327568087
06 0.75 1.80 -25291.368991908 -6322.323376381
06 0.76 1.58 -25291.798607419 -6322.370070153
06 0.76 1.60 -25291.747872070 -6322.364256745
06 0.76 1.62 -25291.698478489 -6322.358669250
06 0.76 1.64 -25291.650383040 -6322.353297749
06 0.76 1.66 -25291.603543859 -6322.348132809
06 0.76 1.68 -25291.557920750 -6322.343165461
06 0.76 1.70 -25291.513475099 -6322.338387166
06 0.76 1.72 -25291.470169786 -6322.333789803
06 0.76 1.74 -25291.427969107 -6322.329365638
06 0.76 1.76 -25291.386838706 -6322.325107304
06 0.76 1.78 -25291.346745501 -6322.321007788
06 0.76 1.80 -25291.307657625 -6322.317060405
06 0.77 1.58 -25291.720175082 -6322.360971022
06 0.77 1.60 -25291.671507627 -6322.355511381
06 0.77 1.62 -25291.624114791 -6322.350262115
06 0.77 1.64 -25291.577955661 -6322.345214069
06 0.77 1.66 -25291.532990947 -6322.340358532
06 0.77 1.68 -25291.489182884 -6322.335687215
06 0.77 1.70 -25291.446495160 -6322.331192228
06 0.77 1.72 -25291.404892837 -6322.326866057
06 0.77 1.74 -25291.364342281 -6322.322701548
06 0.77 1.76 -25291.324811099 -6322.318691881
06 0.77 1.78 -25291.286268076 -6322.314830560
06 0.77 1.80 -25291.248683120 -6322.311111393
07 0.73 1.58 -20543.037690105 -5135.446571209
07 0.73 1.60 -20543.021524837 -5135.445735017
07 0.73 1.62 -20543.005713042 -5135.444936551
07 0.73 1.64 -20542.990248457 -5135.444173896
07 0.73 1.66 -20542.975124880 -5135.443445240
07 0.73 1.68 -20542.960336170 -5135.442748873
07 0.73 1.70 -20542.945876238 -5135.442083182
07 0.73 1.72 -20542.931739038 -5135.441446640
07 0.73 1.74 -20542.917918569 -5135.440837803
07 0.73 1.76 -20542.904408873 -5135.440255310
07 0.73 1.78 -20542.891204026 -5135.439697869
07 0.73 1.80 -20542.878298146 -5135.439164260
07 0.74 1.58 -20543.015085291 -5135.445415723
07 0.74 1.60 -20542.999412814 -5135.444631633
07 0.74 1.62 -20542.984084843 -5135.443882621
07 0.74 1.64 -20542.969095232 -5135.443166917
07 0.74 1.66 -20542.954437889 -5135.442482851
07 0.74 1.68 -20542.940106770 -5135.441828844
07 0.74 1.70 -20542.926095873 -5135.441203404
07 0.74 1.72 -20542.912399240 -5135.440605120
07 0.74 1.74 -20542.899010947 -5135.440032659
07 0.74 1.76 -20542.885925109 -5135.439484760
07 0.74 1.78 -20542.873135877 -5135.438960229
07 0.74 1.80 -20542.860637439 -5135.438457938
07 0.75 1.58 -20542.993170954 -5135.444332466
07 0.75 1.60 -20542.977978482 -5135.443596805
07 0.75 1.62 -20542.963121749 -5135.442893777
07 0.75 1.64 -20542.948594711 -5135.442221750
07 0.75 1.66 -20542.934391367 -5135.441579181
07 0.75 1.68 -20542.920505757 -5135.440964610
07 0.75 1.70 -20542.906931962 -5135.440376659
07 0.75 1.72 -20542.893664094 -5135.439814024
07 0.75 1.74 -20542.880696303 -5135.439275470
07 0.75 1.76 -20542.868022775 -5135.438759831
07 0.75 1.78 -20542.855637728 -5135.438266002
07 0.75 1.80 -20542.843535419 -5135.437792938
07 0.76 1.58 -20542.971928942 -5135.443316326
07 0.76 1.60 -20542.957204011 -5135.442625704
07 0.76 1.62 -20542.942806225 -5135.441965462
07 0.76 1.64 -20542.928729625 -5135.441334091
07 0.76 1.66 -20542.914968294 -5135.440730163
07 0.76 1.68 -20542.901516346 -5135.440152330
07 0.76 1.70 -20542.888367931 -5135.439599317
07 0.76 1.72 -20542.875517233 -5135.439069918
07 0.76 1.74 -20542.862958468 -5135.438562989
07 0.76 1.76 -20542.850685887 -5135.438077451
07 0.76 1.78 -20542.838693775 -5135.437612281
07 0.76 1.80 -20542.826976457 -5135.437166508
07 0.77 1.58 -20542.951341597 -5135.442362588
07 0.77 1.60 -20542.937072020 -5135.441713882
07 0.77 1.62 -20542.923121144 -5135.441093474
07 0.77 1.64 -20542.909483089 -5135.440499967
07 0.77 1.66 -20542.896152006 -5135.439932044
07 0.77 1.68 -20542.883122079 -5135.439388456
07 0.77 1.70 -20542.870387523 -5135.438868023
07 0.77 1.72 -20542.857942586 -5135.438369629
07 0.77 1.74 -20542.845781549 -5135.437892214
07 0.77 1.76 -20542.833898727 -5135.437434779
07 0.77 1.78 -20542.822288472 -5135.436996374
07 0.77 1.80 -20542.810945175 -5135.436576102
08 0.73 1.58 -32412.826139985 -4050.706609177
08 0.73 1.60 -32412.776238286 -4050.705178125
08 0.73 1.62 -32412.727513457 -4050.703808469
08 0.73 1.64 -32412.679937993 -4050.702497258
08 0.73 1.66 -32412.633485077 -4050.701241696
08 0.73 1.68 -32412.588128534 -4050.700039136
08 0.73 1.70 -32412.543842790 -4050.698887067
08 0.73 1.72 -32412.500602846 -4050.697783110
08 0.73 1.74 -32412.458384240 -4050.696725008
08 0.73 1.76 -32412.417163030 -4050.695710619
08 0.73 1.78 -32412.376915772 -4050.694737915
08 0.73 1.80 -32412.337619498 -4050.693804967
08 0.74 1.58 -32412.752272523 -4050.704496052
08 0.74 1.60 -32412.704112430 -4050.703155633
08 0.74 1.62 -32412.657088514 -4050.701872251
08 0.74 1.64 -32412.611174278 -4050.700643187
08 0.74 1.66 -32412.566343847 -4050.699465861
08 0.74 1.68 -32412.522571935 -4050.698337830
08 0.74 1.70 -32412.479833807 -4050.697256776
08 0.74 1.72 -32412.438105263 -4050.696220502
08 0.74 1.74 -32412.397362605 -4050.695226923
08 0.74 1.76 -32412.357582624 -4050.694274061
08 0.74 1.78 -32412.318742582 -4050.693360037
08 0.74 1.80 -32412.280820195 -4050.692483069
08 0.75 1.58 -32412.680985539 -4050.702516886
08 0.75 1.60 -32412.634506793 -4050.701260655
08 0.75 1.62 -32412.589125009 -4050.700057444
08 0.75 1.64 -32412.544814605 -4050.698904744
08 0.75 1.66 -32412.501550570 -4050.697800174
08 0.75 1.68 -32412.459308434 -4050.696741477
08 0.75 1.70 -32412.418064247 -4050.695726514
08 0.75 1.72 -32412.377794553 -4050.694753252
08 0.75 1.74 -32412.338476376 -4050.693819765
08 0.75 1.76 -32412.300087201 -4050.692924224
08 0.75 1.78 -32412.262604965 -4050.692064890
08 0.75 1.80 -32412.226008041 -4050.691240115
08 0.76 1.58 -32412.612189719 -4050.700662138
08 0.76 1.60 -32412.567334229 -4050.699484156
08 0.76 1.62 -32412.523537830 -4050.698355489
08 0.76 1.64 -32412.480775783 -4050.697273818
08 0.76 1.66 -32412.439023873 -4050.696236947
08 0.76 1.68 -32412.398258397 -4050.695242789
08 0.76 1.70 -32412.358456136 -4050.694289367
08 0.76 1.72 -32412.319594342 -4050.693374802
08 0.76 1.74 -32412.281650723 -4050.692497312
08 0.76 1.76 -32412.244603430 -4050.691655204
08 0.76 1.78 -32412.208431049 -4050.690846870
08 0.76 1.80 -32412.173112588 -4050.690070783
08 0.77 1.58 -32412.545798928 -4050.698923017
08 0.77 1.60 -32412.502510579 -4050.697817806
08 0.77 1.62 -32412.460244691 -4050.696758489
08 0.77 1.64 -32412.418977301 -4050.695742925
08 0.77 1.66 -32412.378684946 -4050.694769083
08 0.77 1.68 -32412.339344641 -4050.693835035
08 0.77 1.70 -32412.300933863 -4050.692938950
08 0.77 1.72 -32412.263430539 -4050.692079093
08 0.77 1.74 -32412.226813033 -4050.691253812
08 0.77 1.76 -32412.191060141 -4050.690461541
08 0.77 1.78 -32412.156151075 -4050.689700791
08 0.77 1.80 -32412.122065464 -4050.688970147
09 0.73 1.58 -43018.918533121 -10752.988914933
09 0.73 1.60 -43018.847745107 -10752.980997721
09 0.73 1.62 -43018.778802822 -10752.973393137
09 0.73 1.64 -43018.711647446 -10752.966087066
09 0.73 1.66 -43018.646222734 -10752.959066114
09 0.73 1.68 -43018.582474845 -10752.952317564
09 0.73 1.70 -43018.520352191 -10752.945829343
09 0.73 1.72 -43018.459805295 -10752.939589981
09 0.73 1.74 -43018.400786658 -10752.933588578
09 0.73 1.76 -43018.343250644 -10752.927814773
09 0.73 1.78 -43018.287153364 -10752.922258714
09 0.73 1.80 -43018.232452575 -10752.916911031
09 0.74 1.58 -43018.812354383 -10752.976848768
09 0.74 1.60 -43018.744330360 -10752.969407724
09 0.74 1.62 -43018.678064227 -10752.962257840
09 0.74 1.64 -43018.613500987 -10752.955386093
09 0.74 1.66 -43018.550587971 -10752.948780122
09 0.74 1.68 -43018.489274688 -10752.942428183
09 0.74 1.70 -43018.429512687 -10752.936319121
09 0.74 1.72 -43018.371255435 -10752.930442331
09 0.74 1.74 -43018.314458202 -10752.924787733
09 0.74 1.76 -43018.259077951 -10752.919345739
09 0.74 1.78 -43018.205073246 -10752.914107227
09 0.74 1.80 -43018.152404155 -10752.909063516
09 0.75 1.58 -43018.710325252 -10752.965509784
09 0.75 1.60 -43018.644933713 -10752.958512166
09 0.75 1.62 -43018.581217921 -10752.951785903
09 0.75 1.64 -43018.519126336 -10752.945318975
09 0.75 1.66 -43018.458609526 -10752.939099959
09 0.75 1.68 -43018.399620035 -10752.933118004
09 0.75 1.70 -43018.342112263 -10752.927362793
09 0.75 1.72 -43018.286042359 -10752.921824515
09 0.75 1.74 -43018.231368113 -10752.916493839
09 0.75 1.76 -43018.178048868 -10752.911361885
09 0.75 1.78 -43018.126045431 -10752.906420201
09 0.75 1.80 -43018.075319993 -10752.901660741
09 0.76 1.58 -43018.612248366 -10752.954847909
09 0.76 1.60 -43018.549366311 -10752.948263516
09 0.76 1.62 -43018.488083010 -10752.941932197
09 0.76 1.64 -43018.428350053 -10752.935842842
09 0.76 1.66 -43018.370120947 -10752.929984892
09 0.76 1.68 -43018.313350996 -10752.924348310
09 0.76 1.70 -43018.257997200 -10752.918923546
09 0.76 1.72 -43018.204018150 -10752.913701518
09 0.76 1.74 -43018.151373948 -10752.908673581
09 0.76 1.76 -43018.100026115 -10752.903831504
09 0.76 1.78 -43018.049937522 -10752.899167452
09 0.76 1.80 -43018.001072314 -10752.894673959
09 0.77 1.58 -43018.517939096 -10752.944816965
09 0.77 1.60 -43018.457451215 -10752.938617918
09 0.77 1.62 -43018.398489759 -10752.932655053
09 0.77 1.64 -43018.341009165 -10752.926918094
09 0.77 1.66 -43018.284965613 -10752.921397273
09 0.77 1.68 -43018.230316925 -10752.916083296
09 0.77 1.70 -43018.177022475 -10752.910967320
09 0.77 1.72 -43018.125043096 -10752.906040928
09 0.77 1.74 -43018.074341007 -10752.901296105
09 0.77 1.76 -43018.024879737 -10752.896725219
09 0.77 1.78 -43017.976624059 -10752.892320998
09 0.77 1.80 -43017.929539926 -10752.888076511
10 0.73 1.58 -17634.159839774 -8816.157101521
10 0.73 1.60 -17634.135528962 -8816.151155395
10 0.73 1.62 -17634.111891634 -8816.145452637
10 0.73 1.64 -17634.088903336 -8816.139981778
10 0.73 1.66 -17634.066540765 -8816.134731956
10 0.73 1.68 -17634.044781699 -8816.129692876
10 0.73 1.70 -17634.023604942 -8816.124854783
10 0.73 1.72 -17634.002990261 -8816.120208426
10 0.73 1.74 -17633.982918334 -8816.115745031
10 0.73 1.76 -17633.963370702 -8816.111456279
10 0.73 1.78 -17633.944329716 -8816.107334271
10 0.73 1.80 -17633.925778499 -8816.103371513
10 0.74 1.58 -17634.124405706 -8816.148485701
10 0.74 1.60 -17634.101068124 -8816.142891129
10 0.74 1.62 -17634.078368969 -8816.137523393
10 0.74 1.64 -17634.056285435 -8816.132371897
10 0.74 1.66 -17634.034795769 -8816.127426598
10 0.74 1.68 -17634.013879215 -8816.122677978
10 0.74 1.70 -17633.993515955 -8816.118117008
10 0.74 1.72 -17633.973687059 -8816.113735127
10 0.74 1.74 -17633.954374436 -8816.109524211
10 0.74 1.76 -17633.935560786 -8816.105476551
10 0.74 1.78 -17633.917229559 -8816.101584828
10 0.74 1.80 -17633.899364913 -8816.097842095
10 0.75 1.58 -17634.090383130 -8816.140379650
10 0.75 1.60 -17634.067968342 -8816.135112715
10 0.75 1.62 -17634.046159292 -8816.130057345
10 0.75 1.64 -17634.024934683 -8816.125203743
10 0.75 1.66 -17634.004274184 -8816.120542619
10 0.75 1.68 -17633.984158383 -8816.116065162
10 0.75 1.70 -17633.964568731 -8816.111763015
10 0.75 1.72 -17633.945487494 -8816.107628248
10 0.75 1.74 -17633.926897712 -8816.103653333
10 0.75 1.76 -17633.908783155 -8816.099831125
10 0.75 1.78 -17633.891128282 -8816.096154836
10 0.75 1.80 -17633.873918206 -8816.092618020
10 0.76 1.58 -17634.057699232 -8816.132748643
10 0.76 1.60 -17634.036160216 -8816.127787258
10 0.76 1.62 -17634.015196415 -8816.123023321
10 0.76 1.64 -17633.994787916 -8816.118447768
10 0.76 1.66 -17633.974915699 -8816.114051997
10 0.76 1.68 -17633.955561583 -8816.109827851
10 0.76 1.70 -17633.936708185 -8816.105767587
10 0.76 1.72 -17633.918338874 -8816.101863856
10 0.76 1.74 -17633.900437731 -8816.098109678
10 0.76 1.76 -17633.882989510 -8816.094498424
10 0.76 1.78 -17633.865979602 -8816.091023797
10 0.76 1.80 -17633.849394004 -8816.087679813
10 0.77 1.58 -17634.026286134 -8816.125560617
10 0.77 1.60 -17634.005578988 -8816.120884368
10 0.77 1.62 -17633.985418522 -8816.116392509
10 0.77 1.64 -17633.965786094 -8816.112076645
10 0.77 1.66 -17633.946663886 -8816.107928810
10 0.77 1.68 -17633.928034853 -8816.103941447
10 0.77 1.70 -17633.909882686 -8816.100107375
10 0.77 1.72 -17633.892191767 -8816.096419781
10 0.77 1.74 -17633.874947138 -8816.092872187
10 0.77 1.76 -17633.858134461 -8816.089458443
10 0.77 1.78 -17633.841739990 -8816.086172701
10 0.77 1.80 -17633.825750536 -8816.083009403
11 0.73 1.58 -18508.517858848 -4626.267035334
11 0.73 1.60 -18508.493294182 -4626.265314698
11 0.73 1.62 -18508.469333694 -4626.263669436
11 0.73 1.64 -18508.445960106 -4626.262095825
11 0.73 1.66 -18508.423156844 -4626.260590342
11 0.73 1.68 -18508.400907988 -4626.259149658
11 0.73 1.70 -18508.379198231 -4626.257770623
11 0.73 1.72 -18508.358012837 -4626.256450257
11 0.73 1.74 -18508.337337605 -4626.255185738
11 0.73 1.76 -18508.317158834 -4626.253974396
11 0.73 1.78 -18508.297463290 -4626.252813702
11 0.73 1.80 -18508.278238184 -4626.251701260
11 0.74 1.58 -18508.482301897 -4626.264542456
11 0.74 1.60 -18508.458609168 -4626.262930941
11 0.74 1.62 -18508.435495844 -4626.261389410
11 0.74 1.64 -18508.412945646 -4626.259914432
11 0.74 1.66 -18508.390942931 -4626.258502762
11 0.74 1.68 -18508.369472647 -4626.257151333
11 0.74 1.70 -18508.348520298 -4626.255857238
11 0.74 1.72 -18508.328071907 -4626.254617730
11 0.74 1.74 -18508.308113983 -4626.253430203
11 0.74 1.76 -18508.288633490 -4626.252292193
11 0.74 1.78 -18508.269617824 -4626.251201364
11 0.74 1.80 -18508.251054782 -4626.250155500
11 0.75 1.58 -18508.448006609 -4626.262207899
11 0.75 1.60 -18508.425150215 -4626.260697685
11 0.75 1.62 -18508.402849875 -4626.259252490
11 0.75 1.64 -18508.381090210 -4626.257869154
11 0.75 1.66 -18508.359856420 -4626.256544685
11 0.75 1.68 -18508.339134240 -4626.255276253
11 0.75 1.70 -18508.318909910 -4626.254061178
11 0.75 1.72 -18508.299170144 -4626.252896920
11 0.75 1.74 -18508.279902098 -4626.251781077
11 0.75 1.76 -18508.261093347 -4626.250711370
11 0.75 1.78 -18508.242731860 -4626.249685639
11 0.75 1.80 -18508.224805977 -4626.248701836
11 0.76 1.58 -18508.414921699 -4626.260020293
11 0.76 1.60 -18508.392868065 -4626.258604181
11 0.76 1.62 -18508.371348414 -4626.257248515
11 0.76 1.64 -18508.350348186 -4626.255950380
11 0.76 1.66 -18508.329853344 -4626.254707017
11 0.76 1.68 -18508.309850338 -4626.253515812
11 0.76 1.70 -18508.290326079 -4626.252374292
11 0.76 1.72 -18508.271267912 -4626.251280112
11 0.76 1.74 -18508.252663588 -4626.250231050
11 0.76 1.76 -18508.234501240 -4626.249224999
11 0.76 1.78 -18508.216769368 -4626.248259962
11 0.76 1.80 -18508.199456813 -4626.247334045
11 0.77 1.58 -18508.382998776 -4626.257969178
11 0.77 1.60 -18508.361716152 -4626.256640537
11 0.77 1.62 -18508.340946603 -4626.255368125
11 0.77 1.64 -18508.320676311 -4626.254149252
11 0.77 1.66 -18508.300891932 -4626.252981372
11 0.77 1.68 -18508.281580570 -4626.251862071
11 0.77 1.70 -18508.262729752 -4626.250789063
11 0.77 1.72 -18508.244327399 -4626.249760181
11 0.77 1.74 -18508.226361808 -4626.248773370
11 0.77 1.76 -18508.208821631 -4626.247826681
11 0.77 1.78 -18508.191695855 -4626.246918265
11 0.77 1.80 -18508.174973790 -4626.246046369
12 0.73 1.58 -24638.906140323 -6158.746958487
12 0.73 1.60 -24638.863109824 -6158.742492155
12 0.73 1.62 -24638.821210714 -6158.738213113
12 0.73 1.64 -24638.780405372 -6158.734112526
12 0.73 1.66 -24638.740657849 -6158.730182020
12 0.73 1.68 -24638.701933756 -6158.726413654
12 0.73 1.70 -24638.664200174 -6158.722799897
12 0.73 1.72 -24638.627425564 -6158.719333604
12 0.73 1.74 -24638.591579692 -6158.716007995
12 0.73 1.76 -24638.556633548 -6158.712816632
12 0.73 1.78 -24638.522559280 -6158.709753404
12 0.73 1.80 -24638.489330129 -6158.706812509
12 0.74 1.58 -24638.841076821 -6158.740134149
12 0.74 1.60 -24638.799749467 -6158.735953798
12 0.74 1.62 -24638.759497211 -6158.731947251
12 0.74 1.64 -24638.720284916 -6158.728106377
12 0.74 1.66 -24638.682078960 -6158.724423463
12 0.74 1.68 -24638.644847141 -6158.720891193
12 0.74 1.70 -24638.608558596 -6158.717502626
12 0.74 1.72 -24638.573183729 -6158.714251172
12 0.74 1.74 -24638.538694129 -6158.711130577
12 0.74 1.76 -24638.505062511 -6158.708134900
12 0.74 1.78 -24638.472262650 -6158.705258498
12 0.74 1.80 -24638.440269329 -6158.702496011
12 0.75 1.58 -24638.778580045 -6158.733747141
12 0.75 1.60 -24638.738871521 -6158.729832157
12 0.75 1.62 -24638.700185501 -6158.726078566
12 0.75 1.64 -24638.662489105 -6158.722478876
12 0.75 1.66 -24638.625750828 -6158.719025981
12 0.75 1.68 -24638.589940464 -6158.715713134
12 0.75 1.70 -24638.555029028 -6158.712533934
12 0.75 1.72 -24638.520988694 -6158.709482300
12 0.75 1.74 -24638.487792728 -6158.706552458
12 0.75 1.76 -24638.455415423 -6158.703738922
12 0.75 1.78 -24638.423832053 -6158.701036478
12 0.75 1.80 -24638.393018819 -6158.698440173
12 0.76 1.58 -24638.718523569 -6158.727765908
12 0.76 1.60 -24638.680355074 -6158.724097320
12 0.76 1.62 -24638.643159852 -6158.720578692
12 0.76 1.64 -24638.606907073 -6158.717203120
12 0.76 1.66 -24638.571567165 -6158.713964048
12 0.76 1.68 -24638.537111745 -6158.710855254
12 0.76 1.70 -24638.503513547 -6158.707870827
12 0.76 1.72 -24638.470746372 -6158.705005154
12 0.76 1.74 -24638.438785019 -6158.702252901
12 0.76 1.76 -24638.407605241 -6158.699608997
12 0.76 1.78 -24638.377183688 -6158.697068626
12 0.76 1.80 -24638.347497874 -6158.694627204
12 0.77 1.58 -24638.660789206 -6158.722161410
12 0.77 1.60 -24638.624086953 -6158.718721746
12 0.77 1.62 -24638.588311798 -6158.715421505
12 0.77 1.64 -24638.553434786 -6158.712254318
12 0.77 1.66 -24638.519428113 -6158.709214135
12 0.77 1.68 -24638.486265065 -6158.706295212
12 0.77 1.70 -24638.453919955 -6158.703492090
12 0.77 1.72 -24638.422368078 -6158.700799582
12 0.77 1.74 -24638.391585650 -6158.698212758
12 0.77 1.76 -24638.361549765 -6158.695726931
12 0.77 1.78 -24638.332238353 -6158.693337643
12 0.77 1.80 -24638.303630137 -6158.691040654
13 0.73 1.58 -21011.818891640 -10504.956039210
13 0.73 1.60 -21011.768971244 -10504.942852533
13 0.73 1.62 -21011.720405565 -10504.930166319
13 0.73 1.64 -21011.673148025 -10504.917958609
13 0.73 1.66 -21011.627154098 -10504.906208547
13 0.73 1.68 -21011.582381195 -10504.894896314
13 0.73 1.70 -21011.538788554 -10504.884003077
13 0.73 1.72 -21011.496337144 -10504.873510927
13 0.73 1.74 -21011.454989564 -10504.863402829
13 0.73 1.76 -21011.414709961 -10504.853662576
13 0.73 1.78 -21011.375463940 -10504.844274741
13 0.73 1.80 -21011.337218496 -10504.835224635
13 0.74 1.58 -21011.741149846 -10504.935140719
13 0.74 1.60 -21011.693333633 -10504.922746549
13 0.74 1.62 -21011.646799918 -10504.910818113
13 0.74 1.64 -21011.601505309 -10504.899335192
13 0.74 1.66 -21011.557408283 -10504.888278573
13 0.74 1.68 -21011.514469088 -10504.877629989
13 0.74 1.70 -21011.472649642 -10504.867372068
13 0.74 1.72 -21011.431913445 -10504.857488282
13 0.74 1.74 -21011.392225491 -10504.847962904
13 0.74 1.76 -21011.353552191 -10504.838780960
13 0.74 1.78 -21011.315861298 -10504.829928187
13 0.74 1.80 -21011.279121839 -10504.821391002
13 0.75 1.58 -21011.666679066 -10504.915498761
13 0.75 1.60 -21011.620854974 -10504.903842103
13 0.75 1.62 -21011.576246108 -10504.892619202
13 0.75 1.64 -21011.532811978 -10504.881811426
13 0.75 1.66 -21011.490513804 -10504.871401057
13 0.75 1.68 -21011.449314425 -10504.861371241
13 0.75 1.70 -21011.409178209 -10504.851705941
13 0.75 1.72 -21011.370070973 -10504.842389891
13 0.75 1.74 -21011.331959905 -10504.833408555
13 0.75 1.76 -21011.294813496 -10504.824748086
13 0.75 1.78 -21011.258601473 -10504.816395289
13 0.75 1.80 -21011.223294732 -10504.808337588
13 0.76 1.58 -21011.595305281 -10504.897026145
13 0.76 1.60 -21011.551368934 -10504.886056361
13 0.76 1.62 -21011.508585046 -10504.875490865
13 0.76 1.64 -21011.466915780 -10504.865312469
13 0.76 1.66 -21011.426324862 -10504.855504820
13 0.76 1.68 -21011.386777502 -10504.846052353
13 0.76 1.70 -21011.348240312 -10504.836940250
13 0.76 1.72 -21011.310681236 -10504.828154397
13 0.76 1.74 -21011.274069479 -10504.819681347
13 0.76 1.76 -21011.238375442 -10504.811508285
13 0.76 1.78 -21011.203570667 -10504.803622993
13 0.76 1.80 -21011.169627778 -10504.796013820
13 0.77 1.58 -21011.526866420 -10504.879642583
13 0.77 1.60 -21011.484720439 -10504.869313004
13 0.77 1.62 -21011.443668265 -10504.859360529
13 0.77 1.64 -21011.403674485 -10504.849769286
13 0.77 1.66 -21011.364705123 -10504.840524170
13 0.77 1.68 -21011.326727563 -10504.831610792
13 0.77 1.70 -21011.289710476 -10504.823015448
13 0.77 1.72 -21011.253623761 -10504.814725079
13 0.77 1.74 -21011.218438477 -10504.806727233
13 0.77 1.76 -21011.184126790 -10504.799010042
13 0.77 1.78 -21011.150661914 -10504.791562180
13 0.77 1.80 -21011.118018069 -10504.784372845
14 0.73 1.58 -41216.389061269 -10302.963898196
14 0.73 1.60 -41216.344700426 -10302.959840966
14 0.73 1.62 -41216.301484889 -10302.955950980
14 0.73 1.64 -41216.259380639 -10302.952220455
14 0.73 1.66 -41216.218354972 -10302.948642013
14 0.73 1.68 -41216.178376412 -10302.945208657
14 0.73 1.70 -41216.139414636 -10302.941913751
14 0.73 1.72 -41216.101440397 -10302.938750996
14 0.73 1.74 -41216.064425470 -10302.935714416
14 0.73 1.76 -41216.028342581 -10302.932798336
14 0.73 1.78 -41215.993165363 -10302.929997366
14 0.73 1.80 -41215.958868304 -10302.927306389
14 0.74 1.58 -41216.326266420 -10302.958085571
14 0.74 1.60 -41216.283527053 -10302.954268719
14 0.74 1.62 -41216.241884121 -10302.950607880
14 0.74 1.64 -41216.201305533 -10302.947095860
14 0.74 1.66 -41216.161760390 -10302.943725832
14 0.74 1.68 -41216.123218910 -10302.940491320
14 0.74 1.70 -41216.085652356 -10302.937386177
14 0.74 1.72 -41216.049032981 -10302.934404571
14 0.74 1.74 -41216.013333964 -10302.931540961
14 0.74 1.76 -41215.978529365 -10302.928790087
14 0.74 1.78 -41215.944594072 -10302.926146949
14 0.74 1.80 -41215.911503767 -10302.923606798
14 0.75 1.58 -41216.265781412 -10302.952620454
14 0.75 1.60 -41216.224593033 -10302.949027688
14 0.75 1.62 -41216.184455051 -10302.945580560
14 0.75 1.64 -41216.145337126 -10302.942272411
14 0.75 1.66 -41216.107209999 -10302.939096919
14 0.75 1.68 -41216.070045429 -10302.936048088
14 0.75 1.70 -41216.033816133 -10302.933120222
14 0.75 1.72 -41215.998495730 -10302.930307912
14 0.75 1.74 -41215.964058692 -10302.927606023
14 0.75 1.76 -41215.930480302 -10302.925009672
14 0.75 1.78 -41215.897736612 -10302.922514218
14 0.75 1.80 -41215.865804404 -10302.920115252
14 0.76 1.58 -41216.207504189 -10302.947479086
14 0.76 1.60 -41216.167800479 -10302.944095363
14 0.76 1.62 -41216.129103703 -10302.940847683
14 0.76 1.64 -41216.091385110 -10302.937729877
14 0.76 1.66 -41216.054616939 -10302.934736091
14 0.76 1.68 -41216.018772359 -10302.931860764
14 0.76 1.70 -41215.983825413 -10302.929098617
14 0.76 1.72 -41215.949750978 -10302.926444631
14 0.76 1.74 -41215.916524718 -10302.923894041
14 0.76 1.76 -41215.884123046 -10302.921442311
14 0.76 1.78 -41215.852523088 -10302.919085133
14 0.76 1.80 -41215.821702655 -10302.916818407
14 0.77 1.58 -41216.151338837 -10302.942639541
14 0.77 1.60 -41216.113057268 -10302.939450960
14 0.77 1.62 -41216.075741510 -10302.936389540
14 0.77 1.64 -41216.039364266 -10302.933449567
14 0.77 1.66 -41216.003899142 -10302.930625611
14 0.77 1.68 -41215.969320598 -10302.927912517
14 0.77 1.70 -41215.935603901 -10302.925305384
14 0.77 1.72 -41215.902725087 -10302.922799555
14 0.77 1.74 -41215.870660921 -10302.920390601
14 0.77 1.76 -41215.839388864 -10302.918074311
14 0.77 1.78 -41215.808887044 -10302.915846678
14 0.77 1.80 -41215.779134228 -10302.913703889
15 0.73 1.58 -20608.139309504 -10302.963898196
15 0.73 1.60 -20608.117189780 -10302.959840966
15 0.73 1.62 -20608.095648318 -10302.955950980
15 0.73 1.64 -20608.074667986 -10302.952220455
15 0.73 1.66 -20608.054232282 -10302.948642013
15 0.73 1.68 -20608.034325293 -10302.945208657
15 0.73 1.70 -20608.014931664 -10302.941913751
15 0.73 1.72 -20607.996036566 -10302.938750996
15 0.73 1.74 -20607.977625663 -10302.935714416
15 0.73 1.76 -20607.959685092 -10302.932798336
15 0.73 1.78 -20607.942201434 -10302.929997366
15 0.73 1.80 -20607.925161693 -10302.927306389
15 0.74 1.58 -20608.107972144 -10302.958085571
15 0.74 1.60 -20608.086671875 -10302.954268719
15 0.74 1.62 -20608.065925202 -10302.950607880
15 0.74 1.64 -20608.045715923 -10302.947095860
15 0.74 1.66 -20608.026028407 -10302.943725832
15 0.74 1.68 -20608.006847563 -10302.940491320
15 0.74 1.70 -20607.988158814 -10302.937386177
15 0.74 1.72 -20607.969948063 -10302.934404571
15 0.74 1.74 -20607.952201669 -10302.931540961
15 0.74 1.76 -20607.934906428 -10302.928790087
15 0.74 1.78 -20607.918049547 -10302.926146949
15 0.74 1.80 -20607.901618625 -10302.923606798
15 0.75 1.58 -20608.077803176 -10302.952620454
15 0.75 1.60 -20608.057286725 -10302.949027688
15 0.75 1.62 -20608.037300576 -10302.945580560
15 0.75 1.64 -20608.017829372 -10302.942272411
15 0.75 1.66 -20607.998858281 -10302.939096919
15 0.75 1.68 -20607.980372968 -10302.936048088
15 0.75 1.70 -20607.962359569 -10302.933120222
15 0.75 1.72 -20607.944804661 -10302.930307912
15 0.75 1.74 -20607.927695248 -10302.927606023
15 0.75 1.76 -20607.911018733 -10302.925009672
15 0.75 1.78 -20607.894762904 -10302.922514218
15 0.75 1.80 -20607.878915915 -10302.920115252
15 0.76 1.58 -20608.048750937 -10302.947479086
15 0.76 1.60 -20608.028984692 -10302.944095363
15 0.76 1.62 -20608.009726705 -10302.940847683
15 0.76 1.64 -20607.990962395 -10302.937729877
15 0.76 1.66 -20607.972677664 -10302.934736091
15 0.76 1.68 -20607.954858872 -10302.931860764
15 0.76 1.70 -20607.937492810 -10302.929098617
15 0.76 1.72 -20607.920566683 -10302.926444631
15 0.76 1.74 -20607.904068088 -10302.923894041
15 0.76 1.76 -20607.887984994 -10302.921442311
15 0.76 1.78 -20607.872305730 -10302.919085133
15 0.76 1.80 -20607.857018967 -10302.916818407
15 0.77 1.58 -20608.020766757 -10302.942639541
15 0.77 1.60 -20608.001718955 -10302.939450960
15 0.77 1.62 -20607.983158514 -10302.936389540
15 0.77 1.64 -20607.965071566 -10302.933449567
15 0.77 1.66 -20607.947444689 -10302.930625611
15 0.77 1.68 -20607.930264883 -10302.927912517
15 0.77 1.70 -20607.913519549 -10302.925305384
15 0.77 1.72 -20607.897196470 -10302.922799555
15 0.77 1.74 -20607.881283796 -10302.920390601
15 0.77 1.76 -20607.865770023 -10302.918074311
15 0.77 1.78 -20607.850643987 -10302.915846678
15 0.77 1.80 -20607.835894843 -10302.913703889
16 0.73 1.58 -14392.649690191 -7195.606179389
16 0.73 1.60 -14392.623823436 -7195.600348379
16 0.73 1.62 -14392.598621265 -7195.594755594
16 0.73 1.64 -14392.574062886 -7195.589390066
16 0.73 1.66 -14392.550128419 -7195.584241393
16 0.73 1.68 -14392.526798838 -7195.579299701
16 0.73 1.70 -14392.504055911 -7195.574555619
16 0.73 1.72 -14392.481882146 -7195.570000248
16 0.73 1.74 -14392.460260746 -7195.565625133
16 0.73 1.76 -14392.439175562 -7195.561422243
16 0.73 1.78 -14392.418611052 -7195.557383944
16 0.73 1.80 -14392.398552245 -7195.553502976
16 0.74 1.58 -14392.610410944 -7195.597216708
16 0.74 1.60 -14392.585550549 -7195.591751856
16 0.74 1.62 -14392.561323423 -7195.586508370
16 0.74 1.64 -14392.537710140 -7195.581476149
16 0.74 1.66 -14392.514692096 -7195.576645605
16 0.74 1.68 -14392.492251451 -7195.572007634
16 0.74 1.70 -14392.470371083 -7195.567553593
16 0.74 1.72 -14392.449034536 -7195.563275266
16 0.74 1.74 -14392.428225984 -7195.559164848
16 0.74 1.76 -14392.407930186 -7195.555214919
16 0.74 1.78 -14392.388132454 -7195.551418424
16 0.74 1.80 -14392.368818623 -7195.547768649
16 0.75 1.58 -14392.572657555 -7195.588817564
16 0.75 1.60 -14392.548756300 -7195.583692922
16 0.75 1.62 -14392.525459046 -7195.578774118
16 0.75 1.64 -14392.502747594 -7195.574051842
16 0.75 1.66 -14392.480604485 -7195.569517249
16 0.75 1.68 -14392.459012950 -7195.565161942
16 0.75 1.70 -14392.437956865 -7195.560977937
16 0.75 1.72 -14392.417420714 -7195.556957649
16 0.75 1.74 -14392.397389549 -7195.553093865
16 0.75 1.76 -14392.377848956 -7195.549379723
16 0.75 1.78 -14392.358785027 -7195.545808699
16 0.75 1.80 -14392.340184330 -7195.542374582
16 0.76 1.58 -14392.536358736 -7195.580941968
16 0.76 1.60 -14392.513372470 -7195.576133638
16 0.76 1.62 -14392.490962774 -7195.571516834
16 0.76 1.64 -14392.469112553 -7195.567082966
16 0.76 1.66 -14392.447805380 -7195.562823873
16 0.76 1.68 -14392.427025452 -7195.558731796
16 0.76 1.70 -14392.406757553 -7195.554799362
16 0.76 1.72 -14392.386987017 -7195.551019559
16 0.76 1.74 -14392.367699697 -7195.547385715
16 0.76 1.76 -14392.348881935 -7195.543891485
16 0.76 1.78 -14392.330520537 -7195.540530827
16 0.76 1.80 -14392.312602747 -7195.537297991
16 0.77 1.58 -14392.501447804 -7195.573553094
16 0.77 1.60 -14392.479335128 -7195.569039050
16 0.77 1.62 -14392.457773243 -7195.564703331
16 0.77 1.64 -14392.436746051 -7195.560538004
16 0.77 1.66 -14392.416238059 -7195.556535530
16 0.77 1.68 -14392.396234341 -7195.552688740
16 0.77 1.70 -14392.376720506 -7195.548990816
16 0.77 1.72 -14392.357682662 -7195.545435272
16 0.77 1.74 -14392.339107398 -7195.542015935
16 0.77 1.76 -14392.320981749 -7195.538726928
16 0.77 1.78 -14392.303293177 -7195.535562656
16 0.77 1.80 -14392.286029551 -7195.532517791
17 0.73 1.58 -49273.026026978 -6158.252030151
17 0.73 1.60 -49272.939022253 -6158.247553997
17 0.73 1.62 -49272.854386348 -6158.243265298
17 0.73 1.64 -49272.772037888 -6158.239155222
17 0.73 1.66 -49272.691899103 -6158.235215397
17 0.73 1.68 -49272.613895611 -6158.231437885
17 0.73 1.70 -49272.537956215 -6158.227815158
17 0.73 1.72 -49272.464012724 -6158.224340073
17 0.73 1.74 -49272.391999779 -6158.221005850
17 0.73 1.76 -49272.321854690 -6158.217806056
17 0.73 1.78 -49272.253517292 -6158.214734580
17 0.73 1.80 -49272.186929806 -6158.211785620
17 0.74 1.58 -49272.894592368 -6158.245184157
17 0.74 1.60 -49272.811151111 -6158.240994626
17 0.74 1.62 -49272.729956855 -6158.236979045
17 0.74 1.64 -49272.650933599 -6158.233129285
17 0.74 1.66 -49272.574008621 -6158.229437637
17 0.74 1.68 -49272.499112290 -6158.225896790
17 0.74 1.70 -49272.426177890 -6158.222499806
17 0.74 1.72 -49272.355141448 -6158.219240098
17 0.74 1.74 -49272.285941585 -6158.216111414
17 0.74 1.76 -49272.218519376 -6158.213107816
17 0.74 1.78 -49272.152818212 -6158.210223663
17 0.74 1.80 -49272.088783681 -6158.207453596
17 0.75 1.58 -49272.768524456 -6158.238776958
17 0.75 1.60 -49272.688464129 -6158.234853374
17 0.75 1.62 -49272.610537000 -6158.231091311
17 0.75 1.64 -49272.534671956 -6158.227483284
17 0.75 1.66 -49272.460800885 -6158.224022189
17 0.75 1.68 -49272.388858494 -6158.220701286
17 0.75 1.70 -49272.318782161 -6158.217514176
17 0.75 1.72 -49272.250511778 -6158.214454783
17 0.75 1.74 -49272.183989623 -6158.211517336
17 0.75 1.76 -49272.119160225 -6158.208696351
17 0.75 1.78 -49272.055970250 -6158.205986618
17 0.75 1.80 -49271.994368393 -6158.203383183
17 0.76 1.58 -49272.647549459 -6158.232776862
17 0.76 1.60 -49272.570699490 -6158.229100200
17 0.76 1.62 -49272.495876210 -6158.225573614
17 0.76 1.64 -49272.423012973 -6158.222190205
17 0.76 1.66 -49272.352045874 -6158.218943423
17 0.76 1.68 -49272.282913596 -6158.215827051
17 0.76 1.70 -49272.215557269 -6158.212835183
17 0.76 1.72 -49272.149920337 -6158.209962210
17 0.76 1.74 -49272.085948436 -6158.207202800
17 0.76 1.76 -49272.023589284 -6158.204551886
17 0.76 1.78 -49271.962792569 -6158.202004653
17 0.76 1.80 -49271.903509857 -6158.199556520
17 0.77 1.58 -49272.531411469 -6158.227154713
17 0.77 1.60 -49272.457612176 -6158.223707454
17 0.77 1.62 -49272.385739722 -6158.220399725
17 0.77 1.64 -49272.315731547 -6158.217225161
17 0.77 1.66 -49272.247527602 -6158.214177720
17 0.77 1.68 -49272.181070218 -6158.211251662
17 0.77 1.70 -49272.116303974 -6158.208441532
17 0.77 1.72 -49272.053175583 -6158.205742149
17 0.77 1.74 -49271.991633783 -6158.203148585
17 0.77 1.76 -49271.931629235 -6158.200656156
17 0.77 1.78 -49271.873114427 -6158.198260406
17 0.77 1.80 -49271.816043587 -6158.195957097
18 0.73 1.58 -45800.405656951 -7632.728842972
18 0.73 1.60 -45800.337522240 -7632.723600479
18 0.73 1.62 -45800.271142604 -7632.718576685
18 0.73 1.64 -45800.206458405 -7632.713761285
18 0.73 1.66 -45800.143412906 -7632.709144510
18 0.73 1.68 -45800.081952086 -7632.704717100
18 0.73 1.70 -45800.022024466 -7632.700470272
18 0.73 1.72 -45799.963580949 -7632.696395696
18 0.73 1.74 -45799.906574666 -7632.692485468
18 0.73 1.76 -45799.850960839 -7632.688732087
18 0.73 1.78 -45799.796696650 -7632.685128432
18 0.73 1.80 -45799.743741122 -7632.681667742
18 0.74 1.58 -45800.302898667 -7632.720858990
18 0.74 1.60 -45800.237399720 -7632.715949120
18 0.74 1.62 -45800.173567146 -7632.711242301
18 0.74 1.64 -45800.111345579 -7632.706729041
18 0.74 1.66 -45800.050682280 -7632.702400340
18 0.74 1.68 -45799.991526970 -7632.698247665
18 0.74 1.70 -45799.933831676 -7632.694262917
18 0.74 1.72 -45799.877550583 -7632.690438413
18 0.74 1.74 -45799.822639900 -7632.686766860
18 0.74 1.76 -45799.769057739 -7632.683241334
18 0.74 1.78 -45799.716763993 -7632.679855258
18 0.74 1.80 -45799.665720231 -7632.676602388
18 0.75 1.58 -45800.204104976 -7632.713381705
18 0.75 1.60 -45800.141109666 -7632.708780657
18 0.75 1.62 -45800.079698325 -7632.704368248
18 0.75 1.64 -45800.019819454 -7632.700135731
18 0.75 1.66 -45799.961423936 -7632.696074811
18 0.75 1.68 -45799.904464885 -7632.692177616
18 0.75 1.70 -45799.848897506 -7632.688436675
18 0.75 1.72 -45799.794678966 -7632.684844899
18 0.75 1.74 -45799.741768276 -7632.681395552
18 0.75 1.76 -45799.690126172 -7632.678082240
18 0.75 1.78 -45799.639715021 -7632.674898887
18 0.75 1.80 -45799.590498715 -7632.671839718
18 0.76 1.58 -45800.109078771 -7632.706374859
18 0.76 1.60 -45800.048464268 -7632.702060713
18 0.76 1.62 -45799.989357031 -7632.697921925
18 0.76 1.64 -45799.931709065 -7632.693950430
18 0.76 1.66 -45799.875474538 -7632.690138577
18 0.76 1.68 -45799.820609642 -7632.686479101
18 0.76 1.70 -45799.767072473 -7632.682965108
18 0.76 1.72 -45799.714822912 -7632.679590048
18 0.76 1.74 -45799.663822517 -7632.676347700
18 0.76 1.76 -45799.614034424 -7632.673232153
18 0.76 1.78 -45799.565423254 -7632.670237790
18 0.76 1.80 -45799.517955024 -7632.667359271
18 0.77 1.58 -45800.017636690 -7632.699805058
18 0.77 1.60 -45799.959288579 -7632.695757614
18 0.77 1.62 -45799.902376194 -7632.691873283
18 0.77 1.64 -45799.846854723 -7632.688144623
18 0.77 1.66 -45799.792681317 -7632.684564572
18 0.77 1.68 -45799.739814969 -7632.681126424
18 0.77 1.70 -45799.688216407 -7632.677823809
18 0.77 1.72 -45799.637847983 -7632.674650676
18 0.77 1.74 -45799.588673582 -7632.671601273
18 0.77 1.76 -45799.540658532 -7632.668670135
18 0.77 1.78 -45799.493769516 -7632.665852065
18 0.77 1.80 -45799.447974498 -7632.663142119
19 0.73 1.58 -56139.998431162 -9355.957916396
19 0.73 1.60 -56139.919461888 -9355.951242052
19 0.73 1.62 -56139.842802886 -9355.944847087
19 0.73 1.64 -56139.768367314 -9355.938718350
19 0.73 1.66 -56139.696072220 -9355.932843375
19 0.73 1.68 -56139.625838342 -9355.927210339
19 0.73 1.70 -56139.557589920 -9355.921808030
19 0.73 1.72 -56139.491254511 -9355.916625811
19 0.73 1.74 -56139.426762828 -9355.911653586
19 0.73 1.76 -56139.364048576 -9355.906881772
19 0.73 1.78 -56139.303048310 -9355.902301273
19 0.73 1.80 -56139.243701292 -9355.897903446
19 0.74 1.58 -56139.884357456 -9355.948271889
19 0.74 1.60 -56139.808701170 -9355.942000427
19 0.74 1.62 -56139.735231739 -9355.935989422
19 0.74 1.64 -56139.663867809 -9355.930226703
19 0.74 1.66 -56139.594531633 -9355.924700731
19 0.74 1.68 -56139.527148884 -9355.919400558
19 0.74 1.70 -56139.461648488 -9355.914315797
19 0.74 1.72 -56139.397962453 -9355.909436590
19 0.74 1.74 -56139.336025722 -9355.904753578
19 0.74 1.76 -56139.275776023 -9355.900257875
19 0.74 1.78 -56139.217153737 -9355.895941040
19 0.74 1.80 -56139.160101769 -9355.891795054
19 0.75 1.58 -56139.775053866 -9355.939210908
19 0.75 1.60 -56139.702534443 -9355.933314980
19 0.75 1.62 -56139.632086234 -9355.927662001
19 0.75 1.64 -56139.563632967 -9355.922240703
19 0.75 1.66 -56139.497101724 -9355.917040397
19 0.75 1.68 -56139.432422764 -9355.912050941
19 0.75 1.70 -56139.369529365 -9355.907262707
19 0.75 1.72 -56139.308357677 -9355.902666555
19 0.75 1.74 -56139.248846578 -9355.898253802
19 0.75 1.76 -56139.190937545 -9355.894016204
19 0.75 1.78 -56139.134574524 -9355.889945925
19 0.75 1.80 -56139.079703817 -9355.886035518
19 0.76 1.58 -56139.670268026 -9355.930693755
19 0.76 1.60 -56139.600720402 -9355.925148062
19 0.76 1.62 -56139.533135553 -9355.919829110
19 0.76 1.64 -56139.467441929 -9355.914726462
19 0.76 1.66 -56139.403571097 -9355.909830213
19 0.76 1.68 -56139.341457575 -9355.905130958
19 0.76 1.70 -56139.281038696 -9355.900619770
19 0.76 1.72 -56139.222254463 -9355.896288168
19 0.76 1.74 -56139.165047423 -9355.892128095
19 0.76 1.76 -56139.109362544 -9355.888131897
19 0.76 1.78 -56139.055147101 -9355.884292295
19 0.76 1.80 -56139.002350564 -9355.880602372
19 0.77 1.58 -56139.569763374 -9355.922683713
19 0.77 1.60 -56139.503032735 -9355.917464839
19 0.77 1.62 -56139.438163120 -9355.912457694
19 0.77 1.64 -56139.375087368 -9355.907652605
19 0.77 1.66 -56139.313741216 -9355.903040386
19 0.77 1.68 -56139.254063149 -9355.898612316
19 0.77 1.70 -56139.195994273 -9355.894360109
19 0.77 1.72 -56139.139478182 -9355.890275894
19 0.77 1.74 -56139.084460846 -9355.886352189
19 0.77 1.76 -56139.030890490 -9355.882581883
19 0.77 1.78 -56138.978717496 -9355.878958215
19 0.77 1.80 -56138.927894294 -9355.875474751
20 0.73 1.58 -45185.809963418 -11294.945788884
20 0.73 1.60 -45185.745590251 -11294.938341971
20 0.73 1.62 -45185.682883145 -11294.931190159
20 0.73 1.64 -45185.621788100 -11294.924320091
20 0.73 1.66 -45185.562253584 -11294.917719098
20 0.73 1.68 -45185.504230372 -11294.911375152
20 0.73 1.70 -45185.447671402 -11294.905276838
20 0.73 1.72 -45185.392531633 -11294.899413314
20 0.73 1.74 -45185.338767919 -11294.893774278
20 0.73 1.76 -45185.286338892 -11294.888349941
20 0.73 1.78 -45185.235204855 -11294.883130994
20 0.73 1.80 -45185.185327680 -11294.878108588
20 0.74 1.58 -45185.714024414 -11294.934529803
20 0.74 1.60 -45185.652135492 -11294.927528934
20 0.74 1.62 -45185.591832336 -11294.920803004
20 0.74 1.64 -45185.533064583 -11294.914339688
20 0.74 1.66 -45185.475784104 -11294.908127290
20 0.74 1.68 -45185.419944859 -11294.902154700
20 0.74 1.70 -45185.365502769 -11294.896411368
20 0.74 1.72 -45185.312415591 -11294.890887268
20 0.74 1.74 -45185.260642806 -11294.885572869
20 0.74 1.76 -45185.210145511 -11294.880459109
20 0.74 1.78 -45185.160886331 -11294.875537368
20 0.74 1.80 -45185.112829321 -11294.870799443
20 0.75 1.58 -45185.621801155 -11294.923946954
20 0.75 1.60 -45185.562276708 -11294.917361598
20 0.75 1.62 -45185.504263110 -11294.911032579
20 0.75 1.64 -45185.447713290 -11294.904948515
20 0.75 1.66 -45185.392582201 -11294.899098599
20 0.75 1.68 -45185.338826695 -11294.893472561
20 0.75 1.70 -45185.286405401 -11294.888060640
20 0.75 1.72 -45185.235278622 -11294.882853560
20 0.75 1.74 -45185.185408231 -11294.877842493
20 0.75 1.76 -45185.136757577 -11294.873019045
20 0.75 1.78 -45185.089291406 -11294.868375227
20 0.75 1.80 -45185.042975772 -11294.863903430
20 0.76 1.58 -45185.533114436 -11294.913993964
20 0.76 1.60 -45185.475842673 -11294.907795955
20 0.76 1.62 -45185.420011711 -11294.901837106
20 0.76 1.64 -45185.365577464 -11294.896106898
20 0.76 1.66 -45185.312497684 -11294.890595335
20 0.76 1.68 -45185.260731847 -11294.885292916
20 0.76 1.70 -45185.210241053 -11294.880190605
20 0.76 1.72 -45185.160987924 -11294.875279808
20 0.76 1.74 -45185.112936519 -11294.870552347
20 0.76 1.76 -45185.066052248 -11294.866000438
20 0.76 1.78 -45185.020301800 -11294.861616669
20 0.76 1.80 -45184.975653067 -11294.857393980
20 0.77 1.58 -45185.447796931 -11294.904628054
20 0.77 1.60 -45185.392673288 -11294.898791387
20 0.77 1.62 -45185.338924814 -11294.893178006
20 0.77 1.64 -45185.286510134 -11294.887778179
20 0.77 1.66 -45185.235389545 -11294.882582656
20 0.77 1.68 -45185.185524920 -11294.877582637
20 0.77 1.70 -45185.136879608 -11294.872769752
20 0.77 1.72 -45185.089418355 -11294.868136033
20 0.77 1.74 -45185.043107221 -11294.863673897
20 0.77 1.76 -45184.997913507 -11294.859376120
20 0.77 1.78 -45184.953805688 -11294.855235822
20 0.77 1.80 -45184.910753347 -11294.851246446
21 0.73 1.58 -12270.760139784 -6134.256302057
21 0.73 1.60 -12270.743790282 -6134.253361616
21 0.73 1.62 -12270.727900045 -6134.250546228
21 0.73 1.64 -12270.712452858 -6134.247849933
21 0.73 1.66 -12270.697433160 -6134.245267081
21 0.73 1.68 -12270.682826016 -6134.242792322
21 0.73 1.70 -12270.668617088 -6134.240420578
21 0.73 1.72 -12270.654792612 -6134.238147037
21 0.73 1.74 -12270.641339371 -6134.235967134
21 0.73 1.76 -12270.628244672 -6134.233876537
21 0.73 1.78 -12270.615496326 -6134.231871133
21 0.73 1.80 -12270.603082627 -6134.229947022
21 0.74 1.58 -12270.736413150 -6134.252019119
21 0.74 1.60 -12270.720726794 -6134.249260725
21 0.74 1.62 -12270.705476340 -6134.246618704
21 0.74 1.64 -12270.690646520 -6134.244087552
21 0.74 1.66 -12270.676222677 -6134.241662049
21 0.74 1.68 -12270.662190741 -6134.239337250
21 0.74 1.70 -12270.648537201 -6134.237108459
21 0.74 1.72 -12270.635249084 -6134.234971225
21 0.74 1.74 -12270.622313929 -6134.232921323
21 0.74 1.76 -12270.609719771 -6134.230954742
21 0.74 1.78 -12270.597455115 -6134.229067674
21 0.74 1.80 -12270.585508921 -6134.227256504
21 0.75 1.58 -12270.713646552 -6134.248001930
21 0.75 1.60 -12270.698589589 -6134.245412909
21 0.75 1.62 -12270.683946539 -6134.242932247
21 0.75 1.64 -12270.669703019 -6134.240554858
21 0.75 1.66 -12270.655845217 -6134.238275918
21 0.75 1.68 -12270.642359873 -6134.236090849
21 0.75 1.70 -12270.629234250 -6134.233995309
21 0.75 1.72 -12270.616456117 -6134.231985177
21 0.75 1.74 -12270.604013726 -6134.230056540
21 0.75 1.76 -12270.591895789 -6134.228205684
21 0.75 1.78 -12270.580091468 -6134.226429079
21 0.75 1.80 -12270.568590346 -6134.224723374
21 0.76 1.58 -12270.691791098 -6134.244231932
21 0.76 1.60 -12270.677331774 -6134.241800587
21 0.76 1.62 -12270.663265657 -6134.239470197
21 0.76 1.64 -12270.649579190 -6134.237236060
21 0.76 1.66 -12270.636259356 -6134.235093712
21 0.76 1.68 -12270.623293651 -6134.233038917
21 0.76 1.70 -12270.610670066 -6134.231067654
21 0.76 1.72 -12270.598377066 -6134.229176108
21 0.76 1.74 -12270.586403571 -6134.227360651
21 0.76 1.76 -12270.574738934 -6134.225617842
21 0.76 1.78 -12270.563372930 -6134.223944408
21 0.76 1.80 -12270.552295731 -6134.222337239
21 0.77 1.58 -12270.670800810 -6134.240692004
21 0.77 1.60 -12270.656909236 -6134.238407530
21 0.77 1.62 -12270.643391360 -6134.236217169
21 0.77 1.64 -12270.630234403 -6134.234116566
21 0.77 1.66 -12270.617426089 -6134.232101592
21 0.77 1.68 -12270.604954628 -6134.230168322
21 0.77 1.70 -12270.592808694 -6134.228313032
21 0.77 1.72 -12270.580977405 -6134.226532186
21 0.77 1.74 -12270.569450308 -6134.224822421
21 0.77 1.76 -12270.558217359 -6134.223180545
21 0.77 1.78 -12270.547268909 -6134.221603522
21 0.77 1.80 -12270.536595685 -6134.220088465
22 0.73 1.58 -12384.659000250 -12383.640487320
22 0.73 1.60 -12384.630952148 -12383.621627636
22 0.73 1.62 -12384.603775388 -12383.603503420
22 0.73 1.64 -12384.577435235 -12383.586082507
22 0.73 1.66 -12384.551898557 -12383.569334284
22 0.73 1.68 -12384.527133745 -12383.553229610
22 0.73 1.70 -12384.503110643 -12383.537740741
22 0.73 1.72 -12384.479800474 -12383.522841254
22 0.73 1.74 -12384.457175777 -12383.508505980
22 0.73 1.76 -12384.435210336 -12383.494710939
22 0.73 1.78 -12384.413879130 -12383.481433281
22 0.73 1.80 -12384.393158263 -12383.468651225
22 0.74 1.58 -12384.617266106 -12383.612219481
22 0.74 1.60 -12384.590510438 -12383.594461976
22 0.74 1.62 -12384.564574714 -12383.577391775
22 0.74 1.64 -12384.539426566 -12383.560979035
22 0.74 1.66 -12384.515035118 -12383.545195342
22 0.74 1.68 -12384.491370906 -12383.530013641
22 0.74 1.70 -12384.468405814 -12383.515408166
22 0.74 1.72 -12384.446113009 -12383.501354368
22 0.74 1.74 -12384.424466874 -12383.487828857
22 0.74 1.76 -12384.403442954 -12383.474809343
22 0.74 1.78 -12384.383017898 -12383.462274574
22 0.74 1.80 -12384.363169402 -12383.450204291
22 0.75 1.58 -12384.577451640 -12383.585606107
22 0.75 1.60 -12384.551912241 -12383.568878541
22 0.75 1.62 -12384.527144895 -12383.552793590
22 0.75 1.64 -12384.503119435 -12383.537323551
22 0.75 1.66 -12384.479807074 -12383.522442040
22 0.75 1.68 -12384.457180341 -12383.508123926
22 0.75 1.70 -12384.435213014 -12383.494345266
22 0.75 1.72 -12384.413880061 -12383.481083245
22 0.75 1.74 -12384.393157582 -12383.468316115
22 0.75 1.76 -12384.373022751 -12383.456023142
22 0.75 1.78 -12384.353453767 -12383.444184558
22 0.75 1.80 -12384.334429804 -12383.432781505
22 0.76 1.58 -12384.539443828 -12383.560538664
22 0.76 1.60 -12384.515049736 -12383.544774008
22 0.76 1.62 -12384.491383062 -12383.529610482
22 0.76 1.64 -12384.468415679 -12383.515022358
22 0.76 1.66 -12384.446120744 -12383.500985124
22 0.76 1.68 -12384.424472633 -12383.487475425
22 0.76 1.70 -12384.403446882 -12383.474471004
22 0.76 1.72 -12384.383020130 -12383.461950642
22 0.76 1.74 -12384.363170068 -12383.449894112
22 0.76 1.76 -12384.343875384 -12383.438282119
22 0.76 1.78 -12384.325115717 -12383.427096261
22 0.76 1.80 -12384.306871609 -12383.416318981
22 0.77 1.58 -12384.503137373 -12383.536916447
22 0.77 1.60 -12384.479822453 -12383.522052477
22 0.77 1.62 -12384.457193337 -12383.507751109
22 0.77 1.64 -12384.435223793 -12383.493988436
22 0.77 1.66 -12384.413888780 -12383.480741676
22 0.77 1.68 -12384.393164389 -12383.467989113
22 0.77 1.70 -12384.373027785 -12383.455710046
22 0.77 1.72 -12384.353457163 -12383.443884736
22 0.77 1.74 -12384.334431685 -12383.432494353
22 0.77 1.76 -12384.315931446 -12383.421520938
22 0.77 1.78 -12384.297937419 -12383.410947353
22 0.77 1.80 -12384.280431416 -12383.400757241
23 0.73 1.58 -99565.218053082 -12444.217652367
23 0.73 1.60 -99565.080892097 -12444.209742059
23 0.73 1.62 -99564.947475574 -12444.202142522
23 0.73 1.64 -99564.817679027 -12444.194839848
23 0.73 1.66 -99564.691382939 -12444.187820815
23 0.73 1.68 -99564.568472512 -12444.181072856
23 0.73 1.70 -99564.448837420 -12444.174584020
23 0.73 1.72 -99564.332371587 -12444.168342943
23 0.73 1.74 -99564.218972980 -12444.162338814
23 0.73 1.76 -99564.108543415 -12444.156561347
23 0.73 1.78 -99564.000988374 -12444.151000754
23 0.73 1.80 -99563.896216838 -12444.145647719
23 0.74 1.58 -99565.018873321 -12444.206022958
23 0.74 1.60 -99564.887129301 -12444.198570042
23 0.74 1.62 -99564.758949503 -12444.191407420
23 0.74 1.64 -99564.634216703 -12444.184522197
23 0.74 1.66 -99564.512818270 -12444.177902112
23 0.74 1.68 -99564.394645928 -12444.171535508
23 0.74 1.70 -99564.279595549 -12444.165411294
23 0.74 1.72 -99564.167566944 -12444.159518923
23 0.74 1.74 -99564.058463681 -12444.153848356
23 0.74 1.76 -99563.952192908 -12444.148390040
23 0.74 1.78 -99563.848665191 -12444.143134883
23 0.74 1.80 -99563.747794361 -12444.138074225
23 0.75 1.58 -99564.827570062 -12444.195069803
23 0.75 1.60 -99564.700980830 -12444.188043996
23 0.75 1.62 -99564.577786234 -12444.181289505
23 0.75 1.64 -99564.457875748 -12444.174794369
23 0.75 1.66 -99564.341143093 -12444.168547213
23 0.75 1.68 -99564.227486030 -12444.162537217
23 0.75 1.70 -99564.116806167 -12444.156754086
23 0.75 1.72 -99564.009008777 -12444.151188025
23 0.75 1.74 -99563.904002633 -12444.145829707
23 0.75 1.76 -99563.801699845 -12444.140670257
23 0.75 1.78 -99563.702015718 -12444.135701222
23 0.75 1.80 -99563.604868611 -12444.130914551
23 0.76 1.58 -99564.643760238 -12444.184747921
23 0.76 1.60 -99564.522079308 -12444.178121166
23 0.76 1.62 -99564.403633237 -12444.171748130
23 0.76 1.64 -99564.288317686 -12444.165617714
23 0.76 1.66 -99564.176032258 -12444.159719360
23 0.76 1.68 -99564.066680307 -12444.154043019
23 0.76 1.70 -99563.960168771 -12444.148579130
23 0.76 1.72 -99563.856408002 -12444.143318591
23 0.76 1.74 -99563.755311620 -12444.138252735
23 0.76 1.76 -99563.656796367 -12444.133373309
23 0.76 1.78 -99563.560781973 -12444.128672452
23 0.76 1.80 -99563.467191034 -12444.124142676
23 0.77 1.58 -99564.467083974 -12444.175015652
23 0.77 1.60 -99564.350079282 -12444.168761943
23 0.77 1.62 -99564.236158723 -12444.162745630
23 0.77 1.64 -99564.125223690 -12444.156956407
23 0.77 1.66 -99564.017179242 -12444.151384469
23 0.77 1.68 -99563.911933935 -12444.146020481
23 0.77 1.70 -99563.809399664 -12444.140855557
23 0.77 1.72 -99563.709491521 -12444.135881235
23 0.77 1.74 -99563.612127651 -12444.131089458
23 0.77 1.76 -99563.517229124 -12444.126472549
23 0.77 1.78 -99563.424719817 -12444.122023193
23 0.77 1.80 -99563.334526294 -12444.117734419
