01 0.73 1.58 -24988.075337823 -2081.693078559
01 0.73 1.60 -24988.055235254 -2081.692855470
01 0.73 1.62 -24988.035718880 -2081.692642705
01 0.73 1.64 -24988.016767185 -2081.692439720
01 0.73 1.66 -24987.998359502 -2081.692245999
01 0.73 1.68 -24987.980475988 -2081.692061061
01 0.73 1.70 -24987.963097585 -2081.691884449
01 0.73 1.72 -24987.946205990 -2081.691715734
01 0.73 1.74 -24987.929783623 -2081.691554514
01 0.73 1.76 -24987.913813598 -2081.691400407
01 0.73 1.78 -24987.898279699 -2081.691253054
01 0.73 1.80 -24987.883166346 -2081.691112116
01 0.74 1.58 -24988.048132554 -2081.692769101
01 0.74 1.60 -24988.028819082 -2081.692560311
01 0.74 1.62 -24988.010062843 -2081.692361091
01 0.74 1.64 -24987.991843490 -2081.692170940
01 0.74 1.66 -24987.974141483 -2081.691989385
01 0.74 1.68 -24987.956938049 -2081.691815982
01 0.74 1.70 -24987.940215160 -2081.691650313
01 0.74 1.72 -24987.923955494 -2081.691491982
01 0.74 1.74 -24987.908142416 -2081.691340619
01 0.74 1.76 -24987.892759943 -2081.691195872
01 0.74 1.78 -24987.877792722 -2081.691057410
01 0.74 1.80 -24987.863226007 -2081.690924921
01 0.75 1.58 -24988.021992913 -2081.692479457
01 0.75 1.60 -24988.003429438 -2081.692283922
01 0.75 1.62 -24987.985395845 -2081.692097264
01 0.75 1.64 -24987.967872886 -2081.691919021
01 0.75 1.66 -24987.950842073 -2081.691748760
01 0.75 1.68 -24987.934285642 -2081.691586072
01 0.75 1.70 -24987.918186528 -2081.691430572
01 0.75 1.72 -24987.902528338 -2081.691281896
01 0.75 1.74 -24987.887295320 -2081.691139702
01 0.75 1.76 -24987.872472343 -2081.691003666
01 0.75 1.78 -24987.858044870 -2081.690873483
01 0.75 1.80 -24987.843998935 -2081.690748864
01 0.76 1.58 -24987.996865959 -2081.692208181
01 0.76 1.60 -24987.979015600 -2081.692024941
01 0.76 1.62 -24987.961669277 -2081.691849941
01 0.76 1.64 -24987.944808777 -2081.691682757
01 0.76 1.66 -24987.928416597 -2081.691522989
01 0.76 1.68 -24987.912475923 -2081.691370260
01 0.76 1.70 -24987.896970597 -2081.691224217
01 0.76 1.72 -24987.881885096 -2081.691084524
01 0.76 1.74 -24987.867204506 -2081.690950865
01 0.76 1.76 -24987.852914494 -2081.690822941
01 0.76 1.78 -24987.839001293 -2081.690700471
01 0.76 1.80 -24987.825451675 -2081.690583189
01 0.77 1.58 -24987.972701808 -2081.691953944
01 0.77 1.60 -24987.955529753 -2081.691782119
01 0.77 1.62 -24987.938837299 -2081.691617946
01 0.77 1.64 -24987.922607201 -2081.691461037
01 0.77 1.66 -24987.906822890 -2081.691311024
01 0.77 1.68 -24987.891468440 -2081.691167559
01 0.77 1.70 -24987.876528550 -2081.691030316
01 0.77 1.72 -24987.861988519 -2081.690898986
01 0.77 1.74 -24987.847834216 -2081.690773277
01 0.77 1.76 -24987.834052069 -2081.690652913
01 0.77 1.78 -24987.820629034 -2081.690537634
01 0.77 1.80 -24987.807552579 -2081.690427195
02 0.73 1.58 -24987.946264498 -2081.693078559
02 0.73 1.60 -24987.918227366 -2081.692855470
02 0.73 1.62 -24987.890929785 -2081.692642705
02 0.73 1.64 -24987.864351046 -2081.692439720
02 0.73 1.66 -24987.838471007 -2081.692245999
02 0.73 1.68 -24987.813270073 -2081.692061061
02 0.73 1.70 -24987.788729183 -2081.691884449
02 0.73 1.72 -24987.764829793 -2081.691715734
02 0.73 1.74 -24987.741553868 -2081.691554514
02 0.73 1.76 -24987.718883861 -2081.691400407
02 0.73 1.78 -24987.696802704 -2081.691253054
02 0.73 1.80 -24987.675293798 -2081.691112116
02 0.74 1.58 -24987.908035161 -2081.692769101
02 0.74 1.60 -24987.881011425 -2081.692560311
02 0.74 1.62 -24987.854698502 -2081.692361091
02 0.74 1.64 -24987.829076489 -2081.692170940
02 0.74 1.66 -24987.804126026 -2081.691989385
02 0.74 1.68 -24987.779828275 -2081.691815982
02 0.74 1.70 -24987.756164913 -2081.691650313
02 0.74 1.72 -24987.733118112 -2081.691491982
02 0.74 1.74 -24987.710670528 -2081.691340619
02 0.74 1.76 -24987.688805294 -2081.691195872
02 0.74 1.78 -24987.667506000 -2081.691057410
02 0.74 1.80 -24987.646756687 -2081.690924921
02 0.75 1.58 -24987.871198992 -2081.692479457
02 0.75 1.60 -24987.845148660 -2081.692283922
02 0.75 1.62 -24987.819781555 -2081.692097264
02 0.75 1.64 -24987.795078543 -2081.691919021
02 0.75 1.66 -24987.771021009 -2081.691748760
02 0.75 1.68 -24987.747590842 -2081.691586072
02 0.75 1.70 -24987.724770423 -2081.691430572
02 0.75 1.72 -24987.702542608 -2081.691281896
02 0.75 1.74 -24987.680890724 -2081.691139702
02 0.75 1.76 -24987.659798549 -2081.691003666
02 0.75 1.78 -24987.639250307 -2081.690873483
02 0.75 1.80 -24987.619230655 -2081.690748864
02 0.76 1.58 -24987.835700191 -2081.692208181
02 0.76 1.60 -24987.810584918 -2081.692024941
02 0.76 1.62 -24987.786126381 -2081.691849941
02 0.76 1.64 -24987.762306182 -2081.691682757
02 0.76 1.66 -24987.739106420 -2081.691522989
02 0.76 1.68 -24987.716509679 -2081.691370260
02 0.76 1.70 -24987.694499013 -2081.691224217
02 0.76 1.72 -24987.673057941 -2081.691084524
02 0.76 1.74 -24987.652170428 -2081.690950865
02 0.76 1.76 -24987.631820877 -2081.690822941
02 0.76 1.78 -24987.611994119 -2081.690700471
02 0.76 1.80 -24987.592675404 -2081.690583189
02 0.77 1.58 -24987.801485313 -2081.691953944
02 0.77 1.60 -24987.777268317 -2081.691782119
02 0.77 1.62 -24987.753682612 -2081.691617946
02 0.77 1.64 -24987.730710502 -2081.691461037
02 0.77 1.66 -24987.708334773 -2081.691311024
02 0.77 1.68 -24987.686538675 -2081.691167559
02 0.77 1.70 -24987.665305912 -2081.691030316
02 0.77 1.72 -24987.644620636 -2081.690898986
02 0.77 1.74 -24987.624467427 -2081.690773277
02 0.77 1.76 -24987.604831289 -2081.690652913
02 0.77 1.78 -24987.585697639 -2081.690537634
02 0.77 1.80 -24987.567052295 -2081.690427195
03 0.73 1.58 -24987.789554313 -2081.693078559
03 0.73 1.60 -24987.766197164 -2081.692855470
03 0.73 1.62 -24987.743452907 -2081.692642705
03 0.73 1.64 -24987.721301323 -2081.692439720
03 0.73 1.66 -24987.699722978 -2081.692245999
03 0.73 1.68 -24987.678699198 -2081.692061061
03 0.73 1.70 -24987.658212032 -2081.691884449
03 0.73 1.72 -24987.638244231 -2081.691715734
03 0.73 1.74 -24987.618779214 -2081.691554514
03 0.73 1.76 -24987.599801048 -2081.691400407
03 0.73 1.78 -24987.581294417 -2081.691253054
03 0.73 1.80 -24987.563244601 -2081.691112116
03 0.74 1.58 -24987.757701266 -2081.692769101
03 0.74 1.60 -24987.735178045 -2081.692560311
03 0.74 1.62 -24987.713240305 -2081.692361091
03 0.74 1.64 -24987.691868909 -2081.692170940
03 0.74 1.66 -24987.671045460 -2081.691989385
03 0.74 1.68 -24987.650752273 -2081.691815982
03 0.74 1.70 -24987.630972352 -2081.691650313
03 0.74 1.72 -24987.611689358 -2081.691491982
03 0.74 1.74 -24987.592887587 -2081.691340619
03 0.74 1.76 -24987.574551943 -2081.691195872
03 0.74 1.78 -24987.556667915 -2081.691057410
03 0.74 1.80 -24987.539221552 -2081.690924921
03 0.75 1.58 -24987.726986940 -2081.692479457
03 0.75 1.60 -24987.705260361 -2081.692283922
03 0.75 1.62 -24987.684093340 -2081.692097264
03 0.75 1.64 -24987.663467755 -2081.691919021
03 0.75 1.66 -24987.643366180 -2081.691748760
03 0.75 1.68 -24987.623771868 -2081.691586072
03 0.75 1.70 -24987.604668716 -2081.691430572
03 0.75 1.72 -24987.586041245 -2081.691281896
03 0.75 1.74 -24987.567874574 -2081.691139702
03 0.75 1.76 -24987.550154397 -2081.691003666
03 0.75 1.78 -24987.532866958 -2081.690873483
03 0.75 1.80 -24987.515999034 -2081.690748864
03 0.76 1.58 -24987.697360443 -2081.692208181
03 0.76 1.60 -24987.676395269 -2081.692024941
03 0.76 1.62 -24987.655965122 -2081.691849941
03 0.76 1.64 -24987.636052833 -2081.691682757
03 0.76 1.66 -24987.616641895 -2081.691522989
03 0.76 1.68 -24987.597716439 -2081.691370260
03 0.76 1.70 -24987.579261205 -2081.691224217
03 0.76 1.72 -24987.561261523 -2081.691084524
03 0.76 1.74 -24987.543703289 -2081.690950865
03 0.76 1.76 -24987.526572939 -2081.690822941
03 0.76 1.78 -24987.509857431 -2081.690700471
03 0.76 1.80 -24987.493544223 -2081.690583189
03 0.77 1.58 -24987.668773711 -2081.691953944
03 0.77 1.60 -24987.648536619 -2081.691782119
03 0.77 1.62 -24987.628811326 -2081.691617946
03 0.77 1.64 -24987.609581564 -2081.691461037
03 0.77 1.66 -24987.590831691 -2081.691311024
03 0.77 1.68 -24987.572546663 -2081.691167559
03 0.77 1.70 -24987.554712018 -2081.691030316
03 0.77 1.72 -24987.537313847 -2081.690898986
03 0.77 1.74 -24987.520338777 -2081.690773277
03 0.77 1.76 -24987.503773944 -2081.690652913
03 0.77 1.78 -24987.487606979 -2081.690537634
03 0.77 1.80 -24987.471825981 -2081.690427195
04 0.73 1.58 -33316.758925372 -2081.693078559
04 0.73 1.60 -33316.721610023 -2081.692855470
04 0.73 1.62 -33316.685256022 -2081.692642705
04 0.73 1.64 -33316.649836696 -2081.692439720
04 0.73 1.66 -33316.615326104 -2081.692245999
04 0.73 1.68 -33316.581699016 -2081.692061061
04 0.73 1.70 -33316.548930893 -2081.691884449
04 0.73 1.72 -33316.516997869 -2081.691715734
04 0.73 1.74 -33316.485876734 -2081.691554514
04 0.73 1.76 -33316.455544920 -2081.691400407
04 0.73 1.78 -33316.425980479 -2081.691253054
04 0.73 1.80 -33316.397162075 -2081.691112116
04 0.74 1.58 -33316.707944047 -2081.692769101
04 0.74 1.60 -33316.671947503 -2081.692560311
04 0.74 1.62 -33316.636875350 -2081.692361091
04 0.74 1.64 -33316.602701958 -2081.692170940
04 0.74 1.66 -33316.569402396 -2081.691989385
04 0.74 1.68 -33316.536952413 -2081.691815982
04 0.74 1.70 -33316.505328424 -2081.691650313
04 0.74 1.72 -33316.474507488 -2081.691491982
04 0.74 1.74 -33316.444467297 -2081.691340619
04 0.74 1.76 -33316.415186158 -2081.691195872
04 0.74 1.78 -33316.386642977 -2081.691057410
04 0.74 1.80 -33316.358817249 -2081.690924921
04 0.75 1.58 -33316.658778025 -2081.692479457
04 0.75 1.60 -33316.624048934 -2081.692283922
04 0.75 1.62 -33316.590208763 -2081.692097264
04 0.75 1.64 -33316.557232875 -2081.691919021
04 0.75 1.66 -33316.525097304 -2081.691748760
04 0.75 1.68 -33316.493778737 -2081.691586072
04 0.75 1.70 -33316.463254500 -2081.691430572
04 0.75 1.72 -33316.433502541 -2081.691281896
04 0.75 1.74 -33316.404501416 -2081.691139702
04 0.75 1.76 -33316.376230273 -2081.691003666
04 0.75 1.78 -33316.348668842 -2081.690873483
04 0.75 1.80 -33316.321797415 -2081.690748864
04 0.76 1.58 -33316.611355755 -2081.692208181
04 0.76 1.60 -33316.577844883 -2081.692024941
04 0.76 1.62 -33316.545188872 -2081.691849941
04 0.76 1.64 -33316.513364034 -2081.691682757
04 0.76 1.66 -33316.482347327 -2081.691522989
04 0.76 1.68 -33316.452116336 -2081.691370260
04 0.76 1.70 -33316.422649264 -2081.691224217
04 0.76 1.72 -33316.393924911 -2081.691084524
04 0.76 1.74 -33316.365922665 -2081.690950865
04 0.76 1.76 -33316.338622484 -2081.690822941
04 0.76 1.78 -33316.312004885 -2081.690700471
04 0.76 1.80 -33316.286050932 -2081.690583189
04 0.77 1.58 -33316.565608706 -2081.691953944
04 0.77 1.60 -33316.533268828 -2081.691782119
04 0.77 1.62 -33316.501751096 -2081.691617946
04 0.77 1.64 -33316.471032735 -2081.691461037
04 0.77 1.66 -33316.441091586 -2081.691311024
04 0.77 1.68 -33316.411906101 -2081.691167559
04 0.77 1.70 -33316.383455322 -2081.691030316
04 0.77 1.72 -33316.355718870 -2081.690898986
04 0.77 1.74 -33316.328676933 -2081.690773277
04 0.77 1.76 -33316.302310249 -2081.690652913
04 0.77 1.78 -33316.276600096 -2081.690537634
04 0.77 1.80 -33316.251528275 -2081.690427195
06 0.73 1.58 -20823.082634370 -2081.693078559
06 0.73 1.60 -20823.056460309 -2081.692855470
06 0.73 1.62 -20823.030963016 -2081.692642705
06 0.73 1.64 -20823.006124699 -2081.692439720
06 0.73 1.66 -20822.981928002 -2081.692245999
06 0.73 1.68 -20822.958355994 -2081.692061061
06 0.73 1.70 -20822.935392158 -2081.691884449
06 0.73 1.72 -20822.913020379 -2081.691715734
06 0.73 1.74 -20822.891224936 -2081.691554514
06 0.73 1.76 -20822.869990492 -2081.691400407
06 0.73 1.78 -20822.849302083 -2081.691253054
06 0.73 1.80 -20822.829145111 -2081.691112116
06 0.74 1.58 -20823.046856817 -2081.692769101
06 0.74 1.60 -20823.021614742 -2081.692560311
06 0.74 1.62 -20822.997024441 -2081.692361091
06 0.74 1.64 -20822.973068759 -2081.692170940
06 0.74 1.66 -20822.949730961 -2081.691989385
06 0.74 1.68 -20822.926994720 -2081.691815982
06 0.74 1.70 -20822.904844103 -2081.691650313
06 0.74 1.72 -20822.883263570 -2081.691491982
06 0.74 1.74 -20822.862237955 -2081.691340619
06 0.74 1.76 -20822.841752463 -2081.691195872
06 0.74 1.78 -20822.821792660 -2081.691057410
06 0.74 1.80 -20822.802344461 -2081.690924921
06 0.75 1.58 -20823.012366885 -2081.692479457
06 0.75 1.60 -20822.988021614 -2081.692283922
06 0.75 1.62 -20822.964304054 -2081.692097264
06 0.75 1.64 -20822.941197660 -2081.691919021
06 0.75 1.66 -20822.918686293 -2081.691748760
06 0.75 1.68 -20822.896754201 -2081.691586072
06 0.75 1.70 -20822.875386020 -2081.691430572
06 0.75 1.72 -20822.854566753 -2081.691281896
06 0.75 1.74 -20822.834281773 -2081.691139702
06 0.75 1.76 -20822.814516806 -2081.691003666
06 0.75 1.78 -20822.795257924 -2081.690873483
06 0.75 1.80 -20822.776491541 -2081.690748864
06 0.76 1.58 -20822.979114955 -2081.692208181
06 0.76 1.60 -20822.955632663 -2081.692024941
06 0.76 1.62 -20822.932754908 -2081.691849941
06 0.76 1.64 -20822.910465732 -2081.691682757
06 0.76 1.66 -20822.888749566 -2081.691522989
06 0.76 1.68 -20822.867591213 -2081.691370260
06 0.76 1.70 -20822.846975850 -2081.691224217
06 0.76 1.72 -20822.826889009 -2081.691084524
06 0.76 1.74 -20822.807316577 -2081.690950865
06 0.76 1.76 -20822.788244781 -2081.690822941
06 0.76 1.78 -20822.769660183 -2081.690700471
06 0.76 1.80 -20822.751549676 -2081.690583189
06 0.77 1.58 -20822.947053382 -2081.691953944
06 0.77 1.60 -20822.924401539 -2081.691782119
06 0.77 1.62 -20822.902331912 -2081.691617946
06 0.77 1.64 -20822.880829105 -2081.691461037
06 0.77 1.66 -20822.859878095 -2081.691311024
06 0.77 1.68 -20822.839464223 -2081.691167559
06 0.77 1.70 -20822.819573183 -2081.691030316
06 0.77 1.72 -20822.800191017 -2081.690898986
06 0.77 1.74 -20822.781304105 -2081.690773277
06 0.77 1.76 -20822.762899159 -2081.690652913
06 0.77 1.78 -20822.744963214 -2081.690537634
06 0.77 1.80 -20822.727483620 -2081.690427195
07 0.73 1.58 -24987.271854239 -2081.693078559
07 0.73 1.60 -24987.235524823 -2081.692855470
07 0.73 1.62 -24987.200192645 -2081.692642705
07 0.73 1.64 -24987.165830883 -2081.692439720
07 0.73 1.66 -24987.132413223 -2081.692245999
07 0.73 1.68 -24987.099913857 -2081.692061061
07 0.73 1.70 -24987.068307483 -2081.691884449
07 0.73 1.72 -24987.037569310 -2081.691715734
07 0.73 1.74 -24987.007675053 -2081.691554514
07 0.73 1.76 -24986.978600941 -2081.691400407
07 0.73 1.78 -24986.950323711 -2081.691253054
07 0.73 1.80 -24986.922820612 -2081.691112116
07 0.74 1.58 -24987.222301735 -2081.692769101
07 0.74 1.60 -24987.187342425 -2081.692560311
07 0.74 1.62 -24987.153342448 -2081.692361091
07 0.74 1.64 -24987.120275785 -2081.692170940
07 0.74 1.66 -24987.088116917 -2081.691989385
07 0.74 1.68 -24987.056840827 -2081.691815982
07 0.74 1.70 -24987.026422999 -2081.691650313
07 0.74 1.72 -24986.996839420 -2081.691491982
07 0.74 1.74 -24986.968066582 -2081.691340619
07 0.74 1.76 -24986.940081483 -2081.691195872
07 0.74 1.78 -24986.912861625 -2081.691057410
07 0.74 1.80 -24986.886385018 -2081.690924921
07 0.75 1.58 -24987.174638024 -2081.692479457
07 0.75 1.60 -24987.140995218 -2081.692283922
07 0.75 1.62 -24987.108275084 -2081.692097264
07 0.75 1.64 -24987.076452387 -2081.691919021
07 0.75 1.66 -24987.045502390 -2081.691748760
07 0.75 1.68 -24987.015400847 -2081.691586072
07 0.75 1.70 -24986.986124013 -2081.691430572
07 0.75 1.72 -24986.957648641 -2081.691281896
07 0.75 1.74 -24986.929951984 -2081.691139702
07 0.75 1.76 -24986.903011795 -2081.691003666
07 0.75 1.78 -24986.876806328 -2081.690873483
07 0.75 1.80 -24986.851314337 -2081.690748864
07 0.76 1.58 -24987.128787249 -2081.692208181
07 0.76 1.60 -24987.096409242 -2081.692024941
07 0.76 1.62 -24987.064918455 -2081.691849941
07 0.76 1.64 -24987.034290420 -2081.691682757
07 0.76 1.66 -24987.004501163 -2081.691522989
07 0.76 1.68 -24986.975527199 -2081.691370260
07 0.76 1.70 -24986.947345539 -2081.691224217
07 0.76 1.72 -24986.919933688 -2081.691084524
07 0.76 1.74 -24986.893269647 -2081.690950865
07 0.76 1.76 -24986.867331911 -2081.690822941
07 0.76 1.78 -24986.842099470 -2081.690700471
07 0.76 1.80 -24986.817551809 -2081.690583189
07 0.77 1.58 -24987.084676415 -2081.691953944
07 0.77 1.60 -24987.053513336 -2081.691782119
07 0.77 1.62 -24987.023203196 -2081.691617946
07 0.77 1.64 -24986.993722282 -2081.691461037
07 0.77 1.66 -24986.965047370 -2081.691311024
07 0.77 1.68 -24986.937155723 -2081.691167559
07 0.77 1.70 -24986.910025096 -2081.691030316
07 0.77 1.72 -24986.883633731 -2081.690898986
07 0.77 1.74 -24986.857960363 -2081.690773277
07 0.77 1.76 -24986.832984218 -2081.690652913
07 0.77 1.78 -24986.808685007 -2081.690537634
07 0.77 1.80 -24986.785042931 -2081.690427195
08 0.73 1.58 -16658.272683043 -2081.693078559
08 0.73 1.60 -16658.248641183 -2081.692855470
08 0.73 1.62 -16658.225258744 -2081.692642705
08 0.73 1.64 -16658.202517725 -2081.692439720
08 0.73 1.66 -16658.180400503 -2081.692245999
08 0.73 1.68 -16658.158889831 -2081.692061061
08 0.73 1.70 -16658.137968832 -2081.691884449
08 0.73 1.72 -16658.117620999 -2081.691715734
08 0.73 1.74 -16658.097830191 -2081.691554514
08 0.73 1.76 -16658.078580630 -2081.691400407
08 0.73 1.78 -16658.059856900 -2081.691253054
08 0.73 1.80 -16658.041643944 -2081.691112116
08 0.74 1.58 -16658.239906707 -2081.692769101
08 0.74 1.60 -16658.216770938 -2081.692560311
08 0.74 1.62 -16658.194269122 -2081.692361091
08 0.74 1.64 -16658.172383849 -2081.692170940
08 0.74 1.66 -16658.151098080 -2081.691989385
08 0.74 1.68 -16658.130395139 -2081.691815982
08 0.74 1.70 -16658.110258716 -2081.691650313
08 0.74 1.72 -16658.090672863 -2081.691491982
08 0.74 1.74 -16658.071621989 -2081.691340619
08 0.74 1.76 -16658.053090860 -2081.691195872
08 0.74 1.78 -16658.035064595 -2081.691057410
08 0.74 1.80 -16658.017528666 -2081.690924921
08 0.75 1.58 -16658.208379582 -2081.692479457
08 0.75 1.60 -16658.186113844 -2081.692283922
08 0.75 1.62 -16658.164457498 -2081.692097264
08 0.75 1.64 -16658.143393710 -2081.691919021
08 0.75 1.66 -16658.122906004 -2081.691748760
08 0.75 1.68 -16658.102978262 -2081.691586072
08 0.75 1.70 -16658.083594724 -2081.691430572
08 0.75 1.72 -16658.064739985 -2081.691281896
08 0.75 1.74 -16658.046398989 -2081.691139702
08 0.75 1.76 -16658.028557032 -2081.691003666
08 0.75 1.78 -16658.011199754 -2081.690873483
08 0.75 1.80 -16657.994313143 -2081.690748864
08 0.76 1.58 -16658.178050564 -2081.692208181
08 0.76 1.60 -16658.156620174 -2081.692024941
08 0.76 1.62 -16658.135775492 -2081.691849941
08 0.76 1.64 -16658.115500241 -2081.691682757
08 0.76 1.66 -16658.095778492 -2081.691522989
08 0.76 1.68 -16658.076594672 -2081.691370260
08 0.76 1.70 -16658.057933555 -2081.691224217
08 0.76 1.72 -16658.039780264 -2081.691084524
08 0.76 1.74 -16658.022120265 -2081.690950865
08 0.76 1.76 -16658.004939369 -2081.690822941
08 0.76 1.78 -16657.988223726 -2081.690700471
08 0.76 1.80 -16657.971959822 -2081.690583189
08 0.77 1.58 -16658.148870620 -2081.691953944
08 0.77 1.60 -16658.128242216 -2081.691782119
08 0.77 1.62 -16658.108176683 -2081.691617946
08 0.77 1.64 -16658.088658283 -2081.691461037
08 0.77 1.66 -16658.069671622 -2081.691311024
08 0.77 1.68 -16658.051201654 -2081.691167559
08 0.77 1.70 -16658.033233676 -2081.691030316
08 0.77 1.72 -16658.015753324 -2081.690898986
08 0.77 1.74 -16657.998746573 -2081.690773277
08 0.77 1.76 -16657.982199736 -2081.690652913
08 0.77 1.78 -16657.966099456 -2081.690537634
08 0.77 1.80 -16657.950432709 -2081.690427195
09 0.73 1.58 -24987.909824620 -2081.693078559
09 0.73 1.60 -24987.885155201 -2081.692855470
09 0.73 1.62 -24987.861115300 -2081.692642705
09 0.73 1.64 -24987.837685602 -2081.692439720
09 0.73 1.66 -24987.814847493 -2081.692245999
09 0.73 1.68 -24987.792583030 -2081.692061061
09 0.73 1.70 -24987.770874918 -2081.691884449
09 0.73 1.72 -24987.749706480 -2081.691715734
09 0.73 1.74 -24987.729061637 -2081.691554514
09 0.73 1.76 -24987.708924879 -2081.691400407
09 0.73 1.78 -24987.689281246 -2081.691253054
09 0.73 1.80 -24987.670116307 -2081.691112116
09 0.74 1.58 -24987.876131307 -2081.692769101
09 0.74 1.60 -24987.852321726 -2081.692560311
09 0.74 1.62 -24987.829115326 -2081.692361091
09 0.74 1.64 -24987.806493760 -2081.692170940
09 0.74 1.66 -24987.784439338 -2081.691989385
09 0.74 1.68 -24987.762935004 -2081.691815982
09 0.74 1.70 -24987.741964312 -2081.691650313
09 0.74 1.72 -24987.721511397 -2081.691491982
09 0.74 1.74 -24987.701560960 -2081.691340619
09 0.74 1.76 -24987.682098237 -2081.691195872
09 0.74 1.78 -24987.663108986 -2081.691057410
09 0.74 1.80 -24987.644579465 -2081.690924921
09 0.75 1.58 -24987.843616556 -2081.692479457
09 0.75 1.60 -24987.820630775 -2081.692283922
09 0.75 1.62 -24987.798223175 -2081.692097264
09 0.75 1.64 -24987.776376315 -2081.691919021
09 0.75 1.66 -24987.755073374 -2081.691748760
09 0.75 1.68 -24987.734298128 -2081.691586072
09 0.75 1.70 -24987.714034927 -2081.691430572
09 0.75 1.72 -24987.694268673 -2081.691281896
09 0.75 1.74 -24987.674984798 -2081.691139702
09 0.75 1.76 -24987.656169245 -2081.691003666
09 0.75 1.78 -24987.637808449 -2081.690873483
09 0.75 1.80 -24987.619889315 -2081.690748864
09 0.76 1.58 -24987.812230882 -2081.692208181
09 0.76 1.60 -24987.790034714 -2081.692024941
09 0.76 1.62 -24987.768392976 -2081.691849941
09 0.76 1.64 -24987.747289078 -2081.691682757
09 0.76 1.66 -24987.726707015 -2081.691522989
09 0.76 1.68 -24987.706631344 -2081.691370260
09 0.76 1.70 -24987.687047168 -2081.691224217
09 0.76 1.72 -24987.667940108 -2081.691084524
09 0.76 1.74 -24987.649296291 -2081.690950865
09 0.76 1.76 -24987.631102324 -2081.690822941
09 0.76 1.78 -24987.613345281 -2081.690700471
09 0.76 1.80 -24987.596012680 -2081.690583189
09 0.77 1.58 -24987.781927368 -2081.691953944
09 0.77 1.60 -24987.760488351 -2081.691782119
09 0.77 1.62 -24987.739581183 -2081.691617946
09 0.77 1.64 -24987.719190072 -2081.691461037
09 0.77 1.66 -24987.699299781 -2081.691311024
09 0.77 1.68 -24987.679895607 -2081.691167559
09 0.77 1.70 -24987.660963359 -2081.691030316
09 0.77 1.72 -24987.642489342 -2081.690898986
09 0.77 1.74 -24987.624460335 -2081.690773277
09 0.77 1.76 -24987.606863575 -2081.690652913
09 0.77 1.78 -24987.589686738 -2081.690537634
09 0.77 1.80 -24987.572917925 -2081.690427195
11 0.73 1.58 -16658.708883666 -2081.693078559
11 0.73 1.60 -16658.695315830 -2081.692855470
11 0.73 1.62 -16658.682144054 -2081.692642705
11 0.73 1.64 -16658.669353783 -2081.692439720
11 0.73 1.66 -16658.656931037 -2081.692245999
11 0.73 1.68 -16658.644862387 -2081.692061061
11 0.73 1.70 -16658.633134931 -2081.691884449
11 0.73 1.72 -16658.621736276 -2081.691715734
11 0.73 1.74 -16658.610654516 -2081.691554514
11 0.73 1.76 -16658.599878211 -2081.691400407
11 0.73 1.78 -16658.589396372 -2081.691253054
11 0.73 1.80 -16658.579198442 -2081.691112116
11 0.74 1.58 -16658.690516206 -2081.692769101
11 0.74 1.60 -16658.677481744 -2081.692560311
11 0.74 1.62 -16658.664823752 -2081.692361091
11 0.74 1.64 -16658.652528461 -2081.692170940
11 0.74 1.66 -16658.640582643 -2081.691989385
11 0.74 1.68 -16658.628973589 -2081.691815982
11 0.74 1.70 -16658.617689088 -2081.691650313
11 0.74 1.72 -16658.606717408 -2081.691491982
11 0.74 1.74 -16658.596047277 -2081.691340619
11 0.74 1.76 -16658.585667864 -2081.691195872
11 0.74 1.78 -16658.575568764 -2081.691057410
11 0.74 1.80 -16658.565739979 -2081.690924921
11 0.75 1.58 -16658.672869347 -2081.692479457
11 0.75 1.60 -16658.660341809 -2081.692283922
11 0.75 1.62 -16658.648172229 -2081.692097264
11 0.75 1.64 -16658.636347576 -2081.691919021
11 0.75 1.66 -16658.624855328 -2081.691748760
11 0.75 1.68 -16658.613683455 -2081.691586072
11 0.75 1.70 -16658.602820394 -2081.691430572
11 0.75 1.72 -16658.592255036 -2081.691281896
11 0.75 1.74 -16658.581976706 -2081.691139702
11 0.75 1.76 -16658.571975148 -2081.691003666
11 0.75 1.78 -16658.562240506 -2081.690873483
11 0.75 1.80 -16658.552763313 -2081.690748864
11 0.76 1.58 -16658.655907267 -2081.692208181
11 0.76 1.60 -16658.643861686 -2081.692024941
11 0.76 1.62 -16658.632156560 -2081.691849941
11 0.76 1.64 -16658.620779551 -2081.691682757
11 0.76 1.66 -16658.609718804 -2081.691522989
11 0.76 1.68 -16658.598962924 -2081.691370260
11 0.76 1.70 -16658.588500962 -2081.691224217
11 0.76 1.72 -16658.578322395 -2081.691084524
11 0.76 1.74 -16658.568417113 -2081.690950865
11 0.76 1.76 -16658.558775401 -2081.690822941
11 0.76 1.78 -16658.549387923 -2081.690700471
11 0.76 1.80 -16658.540245714 -2081.690583189
11 0.77 1.58 -16658.639596188 -2081.691953944
11 0.77 1.60 -16658.628008980 -2081.691782119
11 0.77 1.62 -16658.616745670 -2081.691617946
11 0.77 1.64 -16658.605794574 -2081.691461037
11 0.77 1.66 -16658.595144462 -2081.691311024
11 0.77 1.68 -16658.584784542 -2081.691167559
11 0.77 1.70 -16658.574704440 -2081.691030316
11 0.77 1.72 -16658.564894189 -2081.690898986
11 0.77 1.74 -16658.555344211 -2081.690773277
11 0.77 1.76 -16658.546045304 -2081.690652913
11 0.77 1.78 -16658.536988625 -2081.690537634
11 0.77 1.80 -16658.528165680 -2081.690427195
13 0.73 1.58 -58304.938527840 -2081.693078559
13 0.73 1.60 -58304.872310469 -2081.692855470
13 0.73 1.62 -58304.807774610 -2081.692642705
13 0.73 1.64 -58304.744874722 -2081.692439720
13 0.73 1.66 -58304.683566532 -2081.692245999
13 0.73 1.68 -58304.623806992 -2081.692061061
13 0.73 1.70 -58304.565554242 -2081.691884449
13 0.73 1.72 -58304.508767571 -2081.691715734
13 0.73 1.74 -58304.453407382 -2081.691554514
13 0.73 1.76 -58304.399435163 -2081.691400407
13 0.73 1.78 -58304.346813450 -2081.691253054
13 0.73 1.80 -58304.295505803 -2081.691112116
13 0.74 1.58 -58304.848051733 -2081.692769101
13 0.74 1.60 -58304.784143257 -2081.692560311
13 0.74 1.62 -58304.721853185 -2081.692361091
13 0.74 1.64 -58304.661137766 -2081.692170940
13 0.74 1.66 -58304.601954458 -2081.691989385
13 0.74 1.68 -58304.544261885 -2081.691815982
13 0.74 1.70 -58304.488019800 -2081.691650313
13 0.74 1.72 -58304.433189057 -2081.691491982
13 0.74 1.74 -58304.379731577 -2081.691340619
13 0.74 1.76 -58304.327610314 -2081.691195872
13 0.74 1.78 -58304.276789234 -2081.691057410
13 0.74 1.80 -58304.227233280 -2081.690924921
13 0.75 1.58 -58304.760756681 -2081.692479457
13 0.75 1.60 -58304.699069373 -2081.692283922
13 0.75 1.62 -58304.638939896 -2081.692097264
13 0.75 1.64 -58304.580326202 -2081.691919021
13 0.75 1.66 -58304.523187388 -2081.691748760
13 0.75 1.68 -58304.467483668 -2081.691586072
13 0.75 1.70 -58304.413176336 -2081.691430572
13 0.75 1.72 -58304.360227738 -2081.691281896
13 0.75 1.74 -58304.308601243 -2081.691139702
13 0.75 1.76 -58304.258261215 -2081.691003666
13 0.75 1.78 -58304.209172983 -2081.690873483
13 0.75 1.80 -58304.161302819 -2081.690748864
13 0.76 1.58 -58304.676520364 -2081.692208181
13 0.76 1.60 -58304.616970094 -2081.692024941
13 0.76 1.62 -58304.558919485 -2081.691849941
13 0.76 1.64 -58304.502328102 -2081.691682757
13 0.76 1.66 -58304.447156607 -2081.691522989
13 0.76 1.68 -58304.393366729 -2081.691370260
13 0.76 1.70 -58304.340921235 -2081.691224217
13 0.76 1.72 -58304.289783898 -2081.691084524
13 0.76 1.74 -58304.239919477 -2081.690950865
13 0.76 1.76 -58304.191293682 -2081.690822941
13 0.76 1.78 -58304.143873154 -2081.690700471
13 0.76 1.80 -58304.097625440 -2081.690583189
13 0.77 1.58 -58304.595225574 -2081.691953944
13 0.77 1.60 -58304.537731611 -2081.691782119
13 0.77 1.62 -58304.481681413 -2081.691617946
13 0.77 1.64 -58304.427036085 -2081.691461037
13 0.77 1.66 -58304.373757784 -2081.691311024
13 0.77 1.68 -58304.321809689 -2081.691167559
13 0.77 1.70 -58304.271155974 -2081.691030316
13 0.77 1.72 -58304.221761785 -2081.690898986
13 0.77 1.74 -58304.173593208 -2081.690773277
13 0.77 1.76 -58304.126617250 -2081.690652913
13 0.77 1.78 -58304.080801811 -2081.690537634
13 0.77 1.80 -58304.036115661 -2081.690427195
14 0.73 1.58 -24987.779084975 -2081.693078559
14 0.73 1.60 -24987.749296400 -2081.692855470
14 0.73 1.62 -24987.720261949 -2081.692642705
14 0.73 1.64 -24987.691962059 -2081.692439720
14 0.73 1.66 -24987.664377654 -2081.692245999
14 0.73 1.68 -24987.637490135 -2081.692061061
14 0.73 1.70 -24987.611281359 -2081.691884449
14 0.73 1.72 -24987.585733630 -2081.691715734
14 0.73 1.74 -24987.560829686 -2081.691554514
14 0.73 1.76 -24987.536552689 -2081.691400407
14 0.73 1.78 -24987.512886209 -2081.691253054
14 0.73 1.80 -24987.489814220 -2081.691112116
14 0.74 1.58 -24987.738362640 -2081.692769101
14 0.74 1.60 -24987.709611541 -2081.692560311
14 0.74 1.62 -24987.681587247 -2081.692361091
14 0.74 1.64 -24987.654270898 -2081.692170940
14 0.74 1.66 -24987.627644100 -2081.691989385
14 0.74 1.68 -24987.601688910 -2081.691815982
14 0.74 1.70 -24987.576387825 -2081.691650313
14 0.74 1.72 -24987.551723771 -2081.691491982
14 0.74 1.74 -24987.527680087 -2081.691340619
14 0.74 1.76 -24987.504240522 -2081.691195872
14 0.74 1.78 -24987.481389219 -2081.691057410
14 0.74 1.80 -24987.459110705 -2081.690924921
14 0.75 1.58 -24987.699072354 -2081.692479457
14 0.75 1.60 -24987.671320485 -2081.692283922
14 0.75 1.62 -24987.644269114 -2081.692097264
14 0.75 1.64 -24987.617900050 -2081.691919021
14 0.75 1.66 -24987.592195546 -2081.691748760
14 0.75 1.68 -24987.567138289 -2081.691586072
14 0.75 1.70 -24987.542711387 -2081.691430572
14 0.75 1.72 -24987.518898360 -2081.691281896
14 0.75 1.74 -24987.495683128 -2081.691139702
14 0.75 1.76 -24987.473050001 -2081.691003666
14 0.75 1.78 -24987.450983672 -2081.690873483
14 0.75 1.80 -24987.429469204 -2081.690748864
14 0.76 1.58 -24987.661160443 -2081.692208181
14 0.76 1.60 -24987.634371014 -2081.692024941
14 0.76 1.62 -24987.608256735 -2081.691849941
14 0.76 1.64 -24987.582800054 -2081.691682757
14 0.76 1.66 -24987.557983844 -2081.691522989
14 0.76 1.68 -24987.533791395 -2081.691370260
14 0.76 1.70 -24987.510206401 -2081.691224217
14 0.76 1.72 -24987.487212952 -2081.691084524
14 0.76 1.74 -24987.464795525 -2081.690950865
14 0.76 1.76 -24987.442938974 -2081.690822941
14 0.76 1.78 -24987.421628519 -2081.690700471
14 0.76 1.80 -24987.400849741 -2081.690583189
14 0.77 1.58 -24987.624575324 -2081.691953944
14 0.77 1.60 -24987.598712923 -2081.691782119
14 0.77 1.62 -24987.573501240 -2081.691617946
14 0.77 1.64 -24987.548923333 -2081.691461037
14 0.77 1.66 -24987.524962670 -2081.691311024
14 0.77 1.68 -24987.501603119 -2081.691167559
14 0.77 1.70 -24987.478828937 -2081.691030316
14 0.77 1.72 -24987.456624766 -2081.690898986
14 0.77 1.74 -24987.434975616 -2081.690773277
14 0.77 1.76 -24987.413866865 -2081.690652913
14 0.77 1.78 -24987.393284243 -2081.690537634
14 0.77 1.80 -24987.373213830 -2081.690427195
15 0.73 1.58 -20823.083818281 -2081.693078559
15 0.73 1.60 -20823.057944802 -2081.692855470
15 0.73 1.62 -20823.032737153 -2081.692642705
15 0.73 1.64 -20823.008177952 -2081.692439720
15 0.73 1.66 -20822.984250237 -2081.692245999
15 0.73 1.68 -20822.960937460 -2081.692061061
15 0.73 1.70 -20822.938223472 -2081.691884449
15 0.73 1.72 -20822.916092517 -2081.691715734
15 0.73 1.74 -20822.894529221 -2081.691554514
15 0.73 1.76 -20822.873518581 -2081.691400407
15 0.73 1.78 -20822.853045959 -2081.691253054
15 0.73 1.80 -20822.833097068 -2081.691112116
15 0.74 1.58 -20823.048446562 -2081.692769101
15 0.74 1.60 -20823.023490347 -2081.692560311
15 0.74 1.62 -20822.999175525 -2081.692361091
15 0.74 1.64 -20822.975485332 -2081.692170940
15 0.74 1.66 -20822.952403410 -2081.691989385
15 0.74 1.68 -20822.929913795 -2081.691815982
15 0.74 1.70 -20822.908000911 -2081.691650313
15 0.74 1.72 -20822.886649555 -2081.691491982
15 0.74 1.74 -20822.865844895 -2081.691340619
15 0.74 1.76 -20822.845572455 -2081.691195872
15 0.74 1.78 -20822.825818109 -2081.691057410
15 0.74 1.80 -20822.806568072 -2081.690924921
15 0.75 1.58 -20823.014342581 -2081.692479457
15 0.75 1.60 -20822.990269208 -2081.692283922
15 0.75 1.62 -20822.966813698 -2081.692097264
15 0.75 1.64 -20822.943959878 -2081.691919021
15 0.75 1.66 -20822.921691966 -2081.691748760
15 0.75 1.68 -20822.899994562 -2081.691586072
15 0.75 1.70 -20822.878852636 -2081.691430572
15 0.75 1.72 -20822.858251519 -2081.691281896
15 0.75 1.74 -20822.838176898 -2081.691139702
15 0.75 1.76 -20822.818614804 -2081.691003666
15 0.75 1.78 -20822.799551605 -2081.690873483
15 0.75 1.80 -20822.780973999 -2081.690748864
15 0.76 1.58 -20822.981457762 -2081.692208181
15 0.76 1.60 -20822.958234135 -2081.692024941
15 0.76 1.62 -20822.935605702 -2081.691849941
15 0.76 1.64 -20822.913556861 -2081.691682757
15 0.76 1.66 -20822.892072384 -2081.691522989
15 0.76 1.68 -20822.871137410 -2081.691370260
15 0.76 1.70 -20822.850737434 -2081.691224217
15 0.76 1.72 -20822.830858301 -2081.691084524
15 0.76 1.74 -20822.811486198 -2081.690950865
15 0.76 1.76 -20822.792607642 -2081.690822941
15 0.76 1.78 -20822.774209479 -2081.690700471
15 0.76 1.80 -20822.756278870 -2081.690583189
15 0.77 1.58 -20822.949745458 -2081.691953944
15 0.77 1.60 -20822.927339737 -2081.691782119
15 0.77 1.62 -20822.905507370 -2081.691617946
15 0.77 1.64 -20822.884233303 -2081.691461037
15 0.77 1.66 -20822.863502838 -2081.691311024
15 0.77 1.68 -20822.843301634 -2081.691167559
15 0.77 1.70 -20822.823615691 -2081.691030316
15 0.77 1.72 -20822.804431349 -2081.690898986
15 0.77 1.74 -20822.785735273 -2081.690773277
15 0.77 1.76 -20822.767514454 -2081.690652913
15 0.77 1.78 -20822.749756194 -2081.690537634
15 0.77 1.80 -20822.732448102 -2081.690427195
17 0.73 1.58 -12493.951629584 -2081.693078559
17 0.73 1.60 -12493.941529808 -2081.692855470
17 0.73 1.62 -12493.931732591 -2081.692642705
17 0.73 1.64 -12493.922227048 -2081.692439720
17 0.73 1.66 -12493.913002717 -2081.692245999
17 0.73 1.68 -12493.904049537 -2081.692061061
17 0.73 1.70 -12493.895357835 -2081.691884449
17 0.73 1.72 -12493.886918308 -2081.691715734
17 0.73 1.74 -12493.878722012 -2081.691554514
17 0.73 1.76 -12493.870760342 -2081.691400407
17 0.73 1.78 -12493.863025022 -2081.691253054
17 0.73 1.80 -12493.855508092 -2081.691112116
17 0.74 1.58 -12493.937959536 -2081.692769101
17 0.74 1.60 -12493.928267685 -2081.692560311
17 0.74 1.62 -12493.918863728 -2081.692361091
17 0.74 1.64 -12493.909737358 -2081.692170940
17 0.74 1.66 -12493.900878661 -2081.691989385
17 0.74 1.68 -12493.892278105 -2081.691815982
17 0.74 1.70 -12493.883926521 -2081.691650313
17 0.74 1.72 -12493.875815091 -2081.691491982
17 0.74 1.74 -12493.867935330 -2081.691340619
17 0.74 1.76 -12493.860279080 -2081.691195872
17 0.74 1.78 -12493.852838491 -2081.691057410
17 0.74 1.80 -12493.845606012 -2081.690924921
17 0.75 1.58 -12493.924841240 -2081.692479457
17 0.75 1.60 -12493.915537495 -2081.692283922
17 0.75 1.62 -12493.906507770 -2081.692097264
17 0.75 1.64 -12493.897742297 -2081.691919021
17 0.75 1.66 -12493.889231680 -2081.691748760
17 0.75 1.68 -12493.880966880 -2081.691586072
17 0.75 1.70 -12493.872939204 -2081.691430572
17 0.75 1.72 -12493.865140288 -2081.691281896
17 0.75 1.74 -12493.857562084 -2081.691139702
17 0.75 1.76 -12493.850196853 -2081.691003666
17 0.75 1.78 -12493.843037146 -2081.690873483
17 0.75 1.80 -12493.836075800 -2081.690748864
17 0.76 1.58 -12493.912247829 -2081.692208181
17 0.76 1.60 -12493.903313457 -2081.692024941
17 0.76 1.62 -12493.894639969 -2081.691849941
17 0.76 1.64 -12493.886218103 -2081.691682757
17 0.76 1.66 -12493.878038949 -2081.691522989
17 0.76 1.68 -12493.870093935 -2081.691370260
17 0.76 1.70 -12493.862374813 -2081.691224217
17 0.76 1.72 -12493.854873649 -2081.691084524
17 0.76 1.74 -12493.847582807 -2081.690950865
17 0.76 1.76 -12493.840494943 -2081.690822941
17 0.76 1.78 -12493.833602988 -2081.690700471
17 0.76 1.80 -12493.826900144 -2081.690583189
17 0.77 1.58 -12493.900153930 -2081.691953944
17 0.77 1.60 -12493.891571209 -2081.691782119
17 0.77 1.62 -12493.883236927 -2081.691617946
17 0.77 1.64 -12493.875142299 -2081.691461037
17 0.77 1.66 -12493.867278872 -2081.691311024
17 0.77 1.68 -12493.859638512 -2081.691167559
17 0.77 1.70 -12493.852213395 -2081.691030316
17 0.77 1.72 -12493.844995990 -2081.690898986
17 0.77 1.74 -12493.837979051 -2081.690773277
17 0.77 1.76 -12493.831155607 -2081.690652913
17 0.77 1.78 -12493.824518951 -2081.690537634
17 0.77 1.80 -12493.818062630 -2081.690427195
